8.030000000000000000e+03 1.039399999999999994e-12
8.031000000000000000e+03 9.090250000000000457e-04
8.032000000000000000e+03 1.818469999999999982e-03
8.033000000000000000e+03 2.704419999999999914e-03
8.034000000000000000e+03 3.590770000000000073e-03
8.035000000000000000e+03 4.501480000000000412e-03
8.036000000000000000e+03 5.411499999999999644e-03
8.037000000000000000e+03 6.297630000000000242e-03
8.038000000000000000e+03 7.183809999999999675e-03
8.039000000000000000e+03 8.093980000000000619e-03
8.040000000000000000e+03 9.004210000000000338e-03
8.041000000000000000e+03 9.890219999999999914e-03
8.042000000000000000e+03 1.077619999999999967e-02
8.043000000000000000e+03 1.168620000000000075e-02
8.044000000000000000e+03 1.259610000000000070e-02
8.045000000000000000e+03 1.348210000000000033e-02
8.046000000000000000e+03 1.437399999999999962e-02
8.047000000000000000e+03 1.529050000000000027e-02
8.048000000000000000e+03 1.620780000000000137e-02
8.049000000000000000e+03 1.712580000000000005e-02
8.050000000000000000e+03 1.804460000000000092e-02
8.051000000000000000e+03 1.893960000000000088e-02
8.052000000000000000e+03 1.983520000000000075e-02
8.053000000000000000e+03 2.075559999999999905e-02
8.054000000000000000e+03 2.167660000000000073e-02
8.055000000000000000e+03 2.257419999999999913e-02
8.056000000000000000e+03 2.346300000000000122e-02
8.057000000000000000e+03 2.437570000000000014e-02
8.058000000000000000e+03 2.528839999999999907e-02
8.059000000000000000e+03 2.617689999999999947e-02
8.060000000000000000e+03 2.706539999999999987e-02
8.061000000000000000e+03 2.797749999999999890e-02
8.062000000000000000e+03 2.888960000000000139e-02
8.063000000000000000e+03 2.980150000000000160e-02
8.064000000000000000e+03 3.071339999999999834e-02
8.065000000000000000e+03 3.160110000000000002e-02
8.066000000000000000e+03 3.248879999999999824e-02
8.067000000000000000e+03 3.340039999999999676e-02
8.068000000000000000e+03 3.431189999999999934e-02
8.069000000000000000e+03 3.519930000000000281e-02
8.070000000000000000e+03 3.608669999999999933e-02
8.071000000000000000e+03 3.699929999999999886e-02
8.072000000000000000e+03 3.791180000000000244e-02
8.073000000000000000e+03 3.880039999999999878e-02
8.074000000000000000e+03 3.968889999999999918e-02
8.075000000000000000e+03 4.060140000000000277e-02
8.076000000000000000e+03 4.151389999999999941e-02
8.077000000000000000e+03 4.240229999999999694e-02
8.078000000000000000e+03 4.329070000000000140e-02
8.079000000000000000e+03 4.420319999999999805e-02
8.080000000000000000e+03 4.511559999999999876e-02
8.081000000000000000e+03 4.690480000000000343e-02
8.082000000000000000e+03 4.869310000000000305e-02
8.083000000000000000e+03 5.048040000000000166e-02
8.084000000000000000e+03 5.226669999999999927e-02
8.085000000000000000e+03 5.405209999999999876e-02
8.086000000000000000e+03 5.583649999999999725e-02
8.087000000000000000e+03 5.761999999999999761e-02
8.088000000000000000e+03 5.940240000000000103e-02
8.089000000000000000e+03 6.120790000000000258e-02
8.090000000000000000e+03 6.301249999999999907e-02
8.091000000000000000e+03 6.479809999999999737e-02
8.092000000000000000e+03 6.658300000000000329e-02
8.093000000000000000e+03 6.836730000000000584e-02
8.094000000000000000e+03 7.015100000000000502e-02
8.095000000000000000e+03 7.193410000000000082e-02
8.096000000000000000e+03 7.373169999999999724e-02
8.097000000000000000e+03 7.552929999999999366e-02
8.098000000000000000e+03 7.732709999999999584e-02
8.099000000000000000e+03 7.912500000000000089e-02
8.100000000000000000e+03 8.092290000000000594e-02
8.101000000000000000e+03 8.271870000000000611e-02
8.102000000000000000e+03 8.451450000000000629e-02
8.103000000000000000e+03 8.631030000000000646e-02
8.104000000000000000e+03 8.810610000000000663e-02
8.105000000000000000e+03 8.992590000000000305e-02
8.106000000000000000e+03 9.170799999999999785e-02
8.107000000000000000e+03 9.346469999999999778e-02
8.108000000000000000e+03 9.521989999999999621e-02
8.109000000000000000e+03 9.697369999999999601e-02
8.110000000000000000e+03 9.872599999999999432e-02
8.111000000000000000e+03 1.004570000000000046e-01
8.112000000000000000e+03 1.021859999999999991e-01
8.113000000000000000e+03 1.039120000000000044e-01
8.114000000000000000e+03 1.056369999999999948e-01
8.115000000000000000e+03 1.073589999999999961e-01
8.116000000000000000e+03 1.091020000000000045e-01
8.117000000000000000e+03 1.108429999999999971e-01
8.118000000000000000e+03 1.125820000000000015e-01
8.119000000000000000e+03 1.143210000000000059e-01
8.120000000000000000e+03 1.160569999999999935e-01
8.121000000000000000e+03 1.178440000000000043e-01
8.122000000000000000e+03 1.196300000000000002e-01
8.123000000000000000e+03 1.213919999999999999e-01
8.124000000000000000e+03 1.231529999999999986e-01
8.125000000000000000e+03 1.249139999999999973e-01
8.126000000000000000e+03 1.264899999999999913e-01
8.127000000000000000e+03 1.280610000000000082e-01
8.128000000000000000e+03 1.296259999999999912e-01
8.129000000000000000e+03 1.311849999999999961e-01
8.130000000000000000e+03 1.327389999999999959e-01
8.131000000000000000e+03 1.340749999999999997e-01
8.132000000000000000e+03 1.354009999999999936e-01
8.133000000000000000e+03 1.367150000000000032e-01
8.134000000000000000e+03 1.380180000000000018e-01
8.135000000000000000e+03 1.393089999999999884e-01
8.136000000000000000e+03 1.408580000000000110e-01
8.137000000000000000e+03 1.424030000000000018e-01
8.138000000000000000e+03 1.439429999999999876e-01
8.139000000000000000e+03 1.455009999999999915e-01
8.140000000000000000e+03 1.470549999999999913e-01
8.141000000000000000e+03 1.486929999999999918e-01
8.142000000000000000e+03 1.503289999999999904e-01
8.143000000000000000e+03 1.519629999999999870e-01
8.144000000000000000e+03 1.535950000000000093e-01
8.145000000000000000e+03 1.552250000000000019e-01
8.146000000000000000e+03 1.566170000000000062e-01
8.147000000000000000e+03 1.580030000000000046e-01
8.148000000000000000e+03 1.593809999999999949e-01
8.149000000000000000e+03 1.607520000000000060e-01
8.150000000000000000e+03 1.621150000000000091e-01
8.151000000000000000e+03 1.634170000000000067e-01
8.152000000000000000e+03 1.647109999999999963e-01
8.153000000000000000e+03 1.659970000000000057e-01
8.154000000000000000e+03 1.672740000000000060e-01
8.155000000000000000e+03 1.685649999999999926e-01
8.156000000000000000e+03 1.698860000000000092e-01
8.157000000000000000e+03 1.711759999999999948e-01
8.158000000000000000e+03 1.724580000000000002e-01
8.159000000000000000e+03 1.737329999999999985e-01
8.160000000000000000e+03 1.750009999999999899e-01
8.161000000000000000e+03 1.764360000000000095e-01
8.162000000000000000e+03 1.778669999999999973e-01
8.163000000000000000e+03 1.792930000000000079e-01
8.164000000000000000e+03 1.807149999999999868e-01
8.165000000000000000e+03 1.821329999999999893e-01
8.166000000000000000e+03 1.843650000000000011e-01
8.167000000000000000e+03 1.866069999999999951e-01
8.168000000000000000e+03 1.888600000000000001e-01
8.169000000000000000e+03 1.911229999999999873e-01
8.170000000000000000e+03 1.933970000000000133e-01
8.171000000000000000e+03 1.951029999999999986e-01
8.172000000000000000e+03 1.968100000000000127e-01
8.173000000000000000e+03 1.984940000000000038e-01
8.174000000000000000e+03 2.001779999999999948e-01
8.175000000000000000e+03 2.018620000000000136e-01
8.176000000000000000e+03 2.027430000000000065e-01
8.177000000000000000e+03 2.036100000000000132e-01
8.178000000000000000e+03 2.044650000000000079e-01
8.179000000000000000e+03 2.053059999999999885e-01
8.180000000000000000e+03 2.061330000000000107e-01
8.181000000000000000e+03 2.084169999999999912e-01
8.182000000000000000e+03 2.107110000000000094e-01
8.183000000000000000e+03 2.130150000000000099e-01
8.184000000000000000e+03 2.153289999999999926e-01
8.185000000000000000e+03 2.176530000000000131e-01
8.186000000000000000e+03 2.198420000000000096e-01
8.187000000000000000e+03 2.220389999999999864e-01
8.188000000000000000e+03 2.242439999999999989e-01
8.189000000000000000e+03 2.264790000000000136e-01
8.190000000000000000e+03 2.287220000000000086e-01
8.191000000000000000e+03 2.304620000000000002e-01
8.192000000000000000e+03 2.322029999999999927e-01
8.193000000000000000e+03 2.339440000000000131e-01
8.194000000000000000e+03 2.356860000000000066e-01
8.195000000000000000e+03 2.374290000000000012e-01
8.196000000000000000e+03 2.391210000000000002e-01
8.197000000000000000e+03 2.408129999999999993e-01
8.198000000000000000e+03 2.425039999999999973e-01
8.199000000000000000e+03 2.441959999999999964e-01
8.200000000000000000e+03 2.458879999999999955e-01
8.201000000000000000e+03 2.488769999999999871e-01
8.202000000000000000e+03 2.518839999999999968e-01
8.203000000000000000e+03 2.549089999999999967e-01
8.204000000000000000e+03 2.579520000000000146e-01
8.205000000000000000e+03 2.610359999999999903e-01
8.206000000000000000e+03 2.638030000000000097e-01
8.207000000000000000e+03 2.665609999999999924e-01
8.208000000000000000e+03 2.693320000000000158e-01
8.209000000000000000e+03 2.721169999999999978e-01
8.210000000000000000e+03 2.749139999999999917e-01
8.211000000000000000e+03 2.765580000000000260e-01
8.212000000000000000e+03 2.782000000000000028e-01
8.213000000000000000e+03 2.798410000000000064e-01
8.214000000000000000e+03 2.814800000000000080e-01
8.215000000000000000e+03 2.831170000000000075e-01
8.216000000000000000e+03 2.842189999999999994e-01
8.217000000000000000e+03 2.853120000000000100e-01
8.218000000000000000e+03 2.863970000000000127e-01
8.219000000000000000e+03 2.874740000000000073e-01
8.220000000000000000e+03 2.885429999999999939e-01
8.221000000000000000e+03 2.878820000000000268e-01
8.222000000000000000e+03 2.871909999999999741e-01
8.223000000000000000e+03 2.864470000000000072e-01
8.224000000000000000e+03 2.856739999999999835e-01
8.225000000000000000e+03 2.848709999999999853e-01
8.226000000000000000e+03 2.832189999999999985e-01
8.227000000000000000e+03 2.815280000000000005e-01
8.228000000000000000e+03 2.797979999999999912e-01
8.229000000000000000e+03 2.780279999999999974e-01
8.230000000000000000e+03 2.762189999999999923e-01
8.231000000000000000e+03 2.792689999999999895e-01
8.232000000000000000e+03 2.823359999999999759e-01
8.233000000000000000e+03 2.854189999999999783e-01
8.234000000000000000e+03 2.885190000000000254e-01
8.235000000000000000e+03 2.916349999999999776e-01
8.236000000000000000e+03 2.967029999999999945e-01
8.237000000000000000e+03 3.018080000000000207e-01
8.238000000000000000e+03 3.069509999999999739e-01
8.239000000000000000e+03 3.121539999999999870e-01
8.240000000000000000e+03 3.173960000000000115e-01
8.241000000000000000e+03 3.204810000000000159e-01
8.242000000000000000e+03 3.235810000000000075e-01
8.243000000000000000e+03 3.266959999999999864e-01
8.244000000000000000e+03 3.298249999999999793e-01
8.245000000000000000e+03 3.329690000000000150e-01
8.246000000000000000e+03 3.350719999999999810e-01
8.247000000000000000e+03 3.371790000000000065e-01
8.248000000000000000e+03 3.392899999999999805e-01
8.249000000000000000e+03 3.414039999999999853e-01
8.250000000000000000e+03 3.435219999999999940e-01
8.251000000000000000e+03 3.449380000000000224e-01
8.252000000000000000e+03 3.463519999999999932e-01
8.253000000000000000e+03 3.477609999999999868e-01
8.254000000000000000e+03 3.491670000000000051e-01
8.255000000000000000e+03 3.505929999999999880e-01
8.256000000000000000e+03 3.520159999999999956e-01
8.257000000000000000e+03 3.534109999999999752e-01
8.258000000000000000e+03 3.548029999999999795e-01
8.259000000000000000e+03 3.561920000000000086e-01
8.260000000000000000e+03 3.575760000000000050e-01
8.261000000000000000e+03 3.602130000000000054e-01
8.262000000000000000e+03 3.628580000000000139e-01
8.263000000000000000e+03 3.655120000000000036e-01
8.264000000000000000e+03 3.681740000000000013e-01
8.265000000000000000e+03 3.708449999999999802e-01
8.266000000000000000e+03 3.729020000000000112e-01
8.267000000000000000e+03 3.749629999999999908e-01
8.268000000000000000e+03 3.770249999999999990e-01
8.269000000000000000e+03 3.790910000000000113e-01
8.270000000000000000e+03 3.811590000000000256e-01
8.271000000000000000e+03 3.810060000000000113e-01
8.272000000000000000e+03 3.808360000000000078e-01
8.273000000000000000e+03 3.806240000000000179e-01
8.274000000000000000e+03 3.803940000000000099e-01
8.275000000000000000e+03 3.801470000000000127e-01
8.276000000000000000e+03 3.806970000000000076e-01
8.277000000000000000e+03 3.812360000000000193e-01
8.278000000000000000e+03 3.817650000000000210e-01
8.279000000000000000e+03 3.822829999999999839e-01
8.280000000000000000e+03 3.827909999999999924e-01
8.281000000000000000e+03 3.852650000000000241e-01
8.282000000000000000e+03 3.877459999999999796e-01
8.283000000000000000e+03 3.902340000000000253e-01
8.284000000000000000e+03 3.927289999999999948e-01
8.285000000000000000e+03 3.952300000000000257e-01
8.286000000000000000e+03 3.969730000000000203e-01
8.287000000000000000e+03 3.985110000000000041e-01
8.288000000000000000e+03 4.000480000000000147e-01
8.289000000000000000e+03 4.009449999999999958e-01
8.290000000000000000e+03 4.018419999999999770e-01
8.291000000000000000e+03 4.029780000000000029e-01
8.292000000000000000e+03 4.041150000000000020e-01
8.293000000000000000e+03 4.052760000000000251e-01
8.294000000000000000e+03 4.064380000000000215e-01
8.295000000000000000e+03 4.075790000000000246e-01
8.296000000000000000e+03 4.092430000000000234e-01
8.297000000000000000e+03 4.109340000000000215e-01
8.298000000000000000e+03 4.126279999999999948e-01
8.299000000000000000e+03 4.143020000000000036e-01
8.300000000000000000e+03 4.159789999999999877e-01
8.301000000000000000e+03 4.170730000000000270e-01
8.302000000000000000e+03 4.181679999999999842e-01
8.303000000000000000e+03 4.192629999999999968e-01
8.304000000000000000e+03 4.203600000000000114e-01
8.305000000000000000e+03 4.214339999999999753e-01
8.306000000000000000e+03 4.231320000000000081e-01
8.307000000000000000e+03 4.248569999999999847e-01
8.308000000000000000e+03 4.265860000000000207e-01
8.309000000000000000e+03 4.282949999999999813e-01
8.310000000000000000e+03 4.300069999999999726e-01
8.311000000000000000e+03 4.307690000000000130e-01
8.312000000000000000e+03 4.315309999999999979e-01
8.313000000000000000e+03 4.322679999999999856e-01
8.314000000000000000e+03 4.330049999999999732e-01
8.315000000000000000e+03 4.337650000000000117e-01
8.316000000000000000e+03 4.335260000000000224e-01
8.317000000000000000e+03 4.332579999999999765e-01
8.318000000000000000e+03 4.329870000000000108e-01
8.319000000000000000e+03 4.327340000000000075e-01
8.320000000000000000e+03 4.324770000000000003e-01
8.321000000000000000e+03 4.340589999999999726e-01
8.322000000000000000e+03 4.356439999999999757e-01
8.323000000000000000e+03 4.365569999999999729e-01
8.324000000000000000e+03 4.374700000000000255e-01
8.325000000000000000e+03 4.381749999999999812e-01
8.326000000000000000e+03 4.391550000000000176e-01
8.327000000000000000e+03 4.401349999999999985e-01
8.328000000000000000e+03 4.411140000000000061e-01
8.329000000000000000e+03 4.420939999999999870e-01
8.330000000000000000e+03 4.430729999999999946e-01
8.331000000000000000e+03 4.428889999999999771e-01
8.332000000000000000e+03 4.427039999999999864e-01
8.333000000000000000e+03 4.425189999999999957e-01
8.334000000000000000e+03 4.423340000000000050e-01
8.335000000000000000e+03 4.421490000000000142e-01
8.336000000000000000e+03 4.422400000000000220e-01
8.337000000000000000e+03 4.423320000000000030e-01
8.338000000000000000e+03 4.424239999999999839e-01
8.339000000000000000e+03 4.425160000000000204e-01
8.340000000000000000e+03 4.426080000000000014e-01
8.341000000000000000e+03 4.433070000000000066e-01
8.342000000000000000e+03 4.440049999999999830e-01
8.343000000000000000e+03 4.447030000000000149e-01
8.344000000000000000e+03 4.454000000000000181e-01
8.345000000000000000e+03 4.460959999999999925e-01
8.346000000000000000e+03 4.463320000000000065e-01
8.347000000000000000e+03 4.465669999999999917e-01
8.348000000000000000e+03 4.468010000000000037e-01
8.349000000000000000e+03 4.470339999999999869e-01
8.350000000000000000e+03 4.472659999999999969e-01
8.351000000000000000e+03 4.470509999999999762e-01
8.352000000000000000e+03 4.468349999999999822e-01
8.353000000000000000e+03 4.466180000000000150e-01
8.354000000000000000e+03 4.464000000000000190e-01
8.355000000000000000e+03 4.461809999999999943e-01
8.356000000000000000e+03 4.461450000000000138e-01
8.357000000000000000e+03 4.461089999999999778e-01
8.358000000000000000e+03 4.460709999999999953e-01
8.359000000000000000e+03 4.460330000000000128e-01
8.360000000000000000e+03 4.459949999999999748e-01
8.361000000000000000e+03 4.461220000000000185e-01
8.362000000000000000e+03 4.462490000000000068e-01
8.363000000000000000e+03 4.463759999999999950e-01
8.364000000000000000e+03 4.465040000000000120e-01
8.365000000000000000e+03 4.466310000000000002e-01
8.366000000000000000e+03 4.467590000000000172e-01
8.367000000000000000e+03 4.468869999999999787e-01
8.368000000000000000e+03 4.470160000000000244e-01
8.369000000000000000e+03 4.471439999999999859e-01
8.370000000000000000e+03 4.472720000000000029e-01
8.371000000000000000e+03 4.473440000000000194e-01
8.372000000000000000e+03 4.474170000000000091e-01
8.373000000000000000e+03 4.474890000000000256e-01
8.374000000000000000e+03 4.475609999999999866e-01
8.375000000000000000e+03 4.476330000000000031e-01
8.376000000000000000e+03 4.476129999999999831e-01
8.377000000000000000e+03 4.475919999999999899e-01
8.378000000000000000e+03 4.475709999999999966e-01
8.379000000000000000e+03 4.475500000000000034e-01
8.380000000000000000e+03 4.475290000000000101e-01
8.381000000000000000e+03 4.476339999999999764e-01
8.382000000000000000e+03 4.477380000000000249e-01
8.383000000000000000e+03 4.478420000000000178e-01
8.384000000000000000e+03 4.479460000000000108e-01
8.385000000000000000e+03 4.480489999999999751e-01
8.386000000000000000e+03 4.480609999999999871e-01
8.387000000000000000e+03 4.480720000000000258e-01
8.388000000000000000e+03 4.480830000000000091e-01
8.389000000000000000e+03 4.480930000000000191e-01
8.390000000000000000e+03 4.481029999999999736e-01
8.391000000000000000e+03 4.480649999999999911e-01
8.392000000000000000e+03 4.480279999999999818e-01
8.393000000000000000e+03 4.479899999999999993e-01
8.394000000000000000e+03 4.479520000000000168e-01
8.395000000000000000e+03 4.479150000000000076e-01
8.396000000000000000e+03 4.479699999999999793e-01
8.397000000000000000e+03 4.480250000000000066e-01
8.398000000000000000e+03 4.480799999999999783e-01
8.399000000000000000e+03 4.481359999999999788e-01
8.400000000000000000e+03 4.481919999999999793e-01
8.401000000000000000e+03 4.480459999999999998e-01
8.402000000000000000e+03 4.479000000000000203e-01
8.403000000000000000e+03 4.477550000000000141e-01
8.404000000000000000e+03 4.476089999999999791e-01
8.405000000000000000e+03 4.474650000000000016e-01
8.406000000000000000e+03 4.473199999999999954e-01
8.407000000000000000e+03 4.471760000000000179e-01
8.408000000000000000e+03 4.470319999999999849e-01
8.409000000000000000e+03 4.468880000000000075e-01
8.410000000000000000e+03 4.467439999999999745e-01
8.411000000000000000e+03 4.467869999999999897e-01
8.412000000000000000e+03 4.468289999999999762e-01
8.413000000000000000e+03 4.468710000000000182e-01
8.414000000000000000e+03 4.469139999999999779e-01
8.415000000000000000e+03 4.469560000000000199e-01
8.416000000000000000e+03 4.469980000000000064e-01
8.417000000000000000e+03 4.470399999999999929e-01
8.418000000000000000e+03 4.470819999999999794e-01
8.419000000000000000e+03 4.471240000000000214e-01
8.420000000000000000e+03 4.471649999999999792e-01
8.421000000000000000e+03 4.472590000000000177e-01
8.422000000000000000e+03 4.473530000000000006e-01
8.423000000000000000e+03 4.474469999999999836e-01
8.424000000000000000e+03 4.475410000000000221e-01
8.425000000000000000e+03 4.476350000000000051e-01
8.426000000000000000e+03 4.476370000000000071e-01
8.427000000000000000e+03 4.476399999999999824e-01
8.428000000000000000e+03 4.476430000000000131e-01
8.429000000000000000e+03 4.476450000000000151e-01
8.430000000000000000e+03 4.476479999999999904e-01
8.431000000000000000e+03 4.475219999999999754e-01
8.432000000000000000e+03 4.473969999999999891e-01
8.433000000000000000e+03 4.472709999999999742e-01
8.434000000000000000e+03 4.471450000000000147e-01
8.435000000000000000e+03 4.470199999999999729e-01
8.436000000000000000e+03 4.470759999999999734e-01
8.437000000000000000e+03 4.471300000000000274e-01
8.438000000000000000e+03 4.471849999999999992e-01
8.439000000000000000e+03 4.472389999999999977e-01
8.440000000000000000e+03 4.472940000000000249e-01
8.441000000000000000e+03 4.472300000000000164e-01
8.442000000000000000e+03 4.471669999999999812e-01
8.443000000000000000e+03 4.471040000000000014e-01
8.444000000000000000e+03 4.470430000000000237e-01
8.445000000000000000e+03 4.469839999999999924e-01
8.446000000000000000e+03 4.470169999999999977e-01
8.447000000000000000e+03 4.470509999999999762e-01
8.448000000000000000e+03 4.470879999999999854e-01
8.449000000000000000e+03 4.471269999999999967e-01
8.450000000000000000e+03 4.471669999999999812e-01
8.451000000000000000e+03 4.472030000000000172e-01
8.452000000000000000e+03 4.472419999999999729e-01
8.453000000000000000e+03 4.472820000000000129e-01
8.454000000000000000e+03 4.473239999999999994e-01
8.455000000000000000e+03 4.473679999999999879e-01
8.456000000000000000e+03 4.473219999999999974e-01
8.457000000000000000e+03 4.472780000000000089e-01
8.458000000000000000e+03 4.472349999999999937e-01
8.459000000000000000e+03 4.471939999999999804e-01
8.460000000000000000e+03 4.471530000000000227e-01
8.461000000000000000e+03 4.470450000000000257e-01
8.462000000000000000e+03 4.469380000000000019e-01
8.463000000000000000e+03 4.468300000000000050e-01
8.464000000000000000e+03 4.467229999999999812e-01
8.465000000000000000e+03 4.466140000000000110e-01
8.466000000000000000e+03 4.466870000000000007e-01
8.467000000000000000e+03 4.467590000000000172e-01
8.468000000000000000e+03 4.468309999999999782e-01
8.469000000000000000e+03 4.469029999999999947e-01
8.470000000000000000e+03 4.469750000000000112e-01
8.471000000000000000e+03 4.469730000000000092e-01
8.472000000000000000e+03 4.469710000000000072e-01
8.473000000000000000e+03 4.469679999999999764e-01
8.474000000000000000e+03 4.469659999999999744e-01
8.475000000000000000e+03 4.469639999999999724e-01
8.476000000000000000e+03 4.468710000000000182e-01
8.477000000000000000e+03 4.467780000000000085e-01
8.478000000000000000e+03 4.466840000000000255e-01
8.479000000000000000e+03 4.465910000000000157e-01
8.480000000000000000e+03 4.464980000000000060e-01
8.481000000000000000e+03 4.464960000000000040e-01
8.482000000000000000e+03 4.464929999999999732e-01
8.483000000000000000e+03 4.464910000000000267e-01
8.484000000000000000e+03 4.464879999999999960e-01
8.485000000000000000e+03 4.464859999999999940e-01
8.486000000000000000e+03 4.464839999999999920e-01
8.487000000000000000e+03 4.464839999999999920e-01
8.488000000000000000e+03 4.464839999999999920e-01
8.489000000000000000e+03 4.464830000000000187e-01
8.490000000000000000e+03 4.464830000000000187e-01
8.491000000000000000e+03 4.464290000000000203e-01
8.492000000000000000e+03 4.463750000000000218e-01
8.493000000000000000e+03 4.463199999999999945e-01
8.494000000000000000e+03 4.462630000000000208e-01
8.495000000000000000e+03 4.462050000000000183e-01
8.496000000000000000e+03 4.461450000000000138e-01
8.497000000000000000e+03 4.460839999999999805e-01
8.498000000000000000e+03 4.460210000000000008e-01
8.499000000000000000e+03 4.459549999999999903e-01
8.500000000000000000e+03 4.458880000000000066e-01
8.501000000000000000e+03 4.459139999999999771e-01
8.502000000000000000e+03 4.459369999999999723e-01
8.503000000000000000e+03 4.459589999999999943e-01
8.504000000000000000e+03 4.459790000000000143e-01
8.505000000000000000e+03 4.459969999999999768e-01
8.506000000000000000e+03 4.460129999999999928e-01
8.507000000000000000e+03 4.460279999999999800e-01
8.508000000000000000e+03 4.460419999999999940e-01
8.509000000000000000e+03 4.460540000000000060e-01
8.510000000000000000e+03 4.460660000000000180e-01
8.511000000000000000e+03 4.459779999999999855e-01
8.512000000000000000e+03 4.458889999999999798e-01
8.513000000000000000e+03 4.458010000000000028e-01
8.514000000000000000e+03 4.457130000000000258e-01
8.515000000000000000e+03 4.456260000000000221e-01
8.516000000000000000e+03 4.457209999999999783e-01
8.517000000000000000e+03 4.458159999999999901e-01
8.518000000000000000e+03 4.459119999999999751e-01
8.519000000000000000e+03 4.460069999999999868e-01
8.520000000000000000e+03 4.461019999999999985e-01
8.521000000000000000e+03 4.461240000000000205e-01
8.522000000000000000e+03 4.461459999999999870e-01
8.523000000000000000e+03 4.461680000000000090e-01
8.524000000000000000e+03 4.461899999999999755e-01
8.525000000000000000e+03 4.462119999999999975e-01
8.526000000000000000e+03 4.463239999999999985e-01
8.527000000000000000e+03 4.464369999999999727e-01
8.528000000000000000e+03 4.465500000000000025e-01
8.529000000000000000e+03 4.466620000000000035e-01
8.530000000000000000e+03 4.467749999999999777e-01
8.531000000000000000e+03 4.467409999999999992e-01
8.532000000000000000e+03 4.467059999999999920e-01
8.533000000000000000e+03 4.466709999999999847e-01
8.534000000000000000e+03 4.466370000000000062e-01
8.535000000000000000e+03 4.466019999999999990e-01
8.536000000000000000e+03 4.464759999999999840e-01
8.537000000000000000e+03 4.463489999999999958e-01
8.538000000000000000e+03 4.462209999999999788e-01
8.539000000000000000e+03 4.460939999999999905e-01
8.540000000000000000e+03 4.459670000000000023e-01
8.541000000000000000e+03 4.459770000000000123e-01
8.542000000000000000e+03 4.459890000000000243e-01
8.543000000000000000e+03 4.460009999999999808e-01
8.544000000000000000e+03 4.460149999999999948e-01
8.545000000000000000e+03 4.460299999999999820e-01
8.546000000000000000e+03 4.461379999999999790e-01
8.547000000000000000e+03 4.462470000000000048e-01
8.548000000000000000e+03 4.463579999999999770e-01
8.549000000000000000e+03 4.464710000000000067e-01
8.550000000000000000e+03 4.465859999999999830e-01
8.551000000000000000e+03 4.466459999999999875e-01
8.552000000000000000e+03 4.467070000000000207e-01
8.553000000000000000e+03 4.467700000000000005e-01
8.554000000000000000e+03 4.468349999999999822e-01
8.555000000000000000e+03 4.469020000000000215e-01
8.556000000000000000e+03 4.469699999999999784e-01
8.557000000000000000e+03 4.470399999999999929e-01
8.558000000000000000e+03 4.471109999999999807e-01
8.559000000000000000e+03 4.471840000000000259e-01
8.560000000000000000e+03 4.472570000000000157e-01
8.561000000000000000e+03 4.472180000000000044e-01
8.562000000000000000e+03 4.471800000000000219e-01
8.563000000000000000e+03 4.471419999999999839e-01
8.564000000000000000e+03 4.471040000000000014e-01
8.565000000000000000e+03 4.470649999999999902e-01
8.566000000000000000e+03 4.470250000000000057e-01
8.567000000000000000e+03 4.469839999999999924e-01
8.568000000000000000e+03 4.469440000000000079e-01
8.569000000000000000e+03 4.469040000000000235e-01
8.570000000000000000e+03 4.468639999999999834e-01
8.571000000000000000e+03 4.468739999999999934e-01
8.572000000000000000e+03 4.468849999999999767e-01
8.573000000000000000e+03 4.468960000000000155e-01
8.574000000000000000e+03 4.469060000000000255e-01
8.575000000000000000e+03 4.469170000000000087e-01
8.576000000000000000e+03 4.470189999999999997e-01
8.577000000000000000e+03 4.471200000000000174e-01
8.578000000000000000e+03 4.472220000000000084e-01
8.579000000000000000e+03 4.473230000000000262e-01
8.580000000000000000e+03 4.474250000000000171e-01
8.581000000000000000e+03 4.474290000000000211e-01
8.582000000000000000e+03 4.474330000000000251e-01
8.583000000000000000e+03 4.474369999999999736e-01
8.584000000000000000e+03 4.474420000000000064e-01
8.585000000000000000e+03 4.474460000000000104e-01
8.586000000000000000e+03 4.474509999999999876e-01
8.587000000000000000e+03 4.474569999999999936e-01
8.588000000000000000e+03 4.474629999999999996e-01
8.589000000000000000e+03 4.474699999999999789e-01
8.590000000000000000e+03 4.474759999999999849e-01
8.591000000000000000e+03 4.475080000000000169e-01
8.592000000000000000e+03 4.475390000000000201e-01
8.593000000000000000e+03 4.475689999999999946e-01
8.594000000000000000e+03 4.475979999999999959e-01
8.595000000000000000e+03 4.476249999999999951e-01
8.596000000000000000e+03 4.476510000000000211e-01
8.597000000000000000e+03 4.476749999999999896e-01
8.598000000000000000e+03 4.476970000000000116e-01
8.599000000000000000e+03 4.477169999999999761e-01
8.600000000000000000e+03 4.477349999999999941e-01
8.601000000000000000e+03 4.477059999999999929e-01
8.602000000000000000e+03 4.476760000000000184e-01
8.603000000000000000e+03 4.476430000000000131e-01
8.604000000000000000e+03 4.476080000000000059e-01
8.605000000000000000e+03 4.475709999999999966e-01
8.606000000000000000e+03 4.475330000000000141e-01
8.607000000000000000e+03 4.474940000000000029e-01
8.608000000000000000e+03 4.474529999999999896e-01
8.609000000000000000e+03 4.474110000000000031e-01
8.610000000000000000e+03 4.473679999999999879e-01
8.611000000000000000e+03 4.473509999999999986e-01
8.612000000000000000e+03 4.473349999999999826e-01
8.613000000000000000e+03 4.473179999999999934e-01
8.614000000000000000e+03 4.473010000000000042e-01
8.615000000000000000e+03 4.472849999999999882e-01
8.616000000000000000e+03 4.472700000000000009e-01
8.617000000000000000e+03 4.472550000000000137e-01
8.618000000000000000e+03 4.472409999999999997e-01
8.619000000000000000e+03 4.472260000000000124e-01
8.620000000000000000e+03 4.472110000000000252e-01
8.621000000000000000e+03 4.472780000000000089e-01
8.622000000000000000e+03 4.473440000000000194e-01
8.623000000000000000e+03 4.474110000000000031e-01
8.624000000000000000e+03 4.474779999999999869e-01
8.625000000000000000e+03 4.475450000000000261e-01
8.626000000000000000e+03 4.475210000000000021e-01
8.627000000000000000e+03 4.474960000000000049e-01
8.628000000000000000e+03 4.474719999999999809e-01
8.629000000000000000e+03 4.474480000000000124e-01
8.630000000000000000e+03 4.474239999999999884e-01
8.631000000000000000e+03 4.474339999999999984e-01
8.632000000000000000e+03 4.474440000000000084e-01
8.633000000000000000e+03 4.474549999999999916e-01
8.634000000000000000e+03 4.474650000000000016e-01
8.635000000000000000e+03 4.474750000000000116e-01
8.636000000000000000e+03 4.474839999999999929e-01
8.637000000000000000e+03 4.474920000000000009e-01
8.638000000000000000e+03 4.475000000000000089e-01
8.639000000000000000e+03 4.475080000000000169e-01
8.640000000000000000e+03 4.475160000000000249e-01
8.641000000000000000e+03 4.475049999999999861e-01
8.642000000000000000e+03 4.474940000000000029e-01
8.643000000000000000e+03 4.474850000000000216e-01
8.644000000000000000e+03 4.474770000000000136e-01
8.645000000000000000e+03 4.474699999999999789e-01
8.646000000000000000e+03 4.474650000000000016e-01
8.647000000000000000e+03 4.474620000000000264e-01
8.648000000000000000e+03 4.474609999999999976e-01
8.649000000000000000e+03 4.474609999999999976e-01
8.650000000000000000e+03 4.474639999999999729e-01
8.651000000000000000e+03 4.474420000000000064e-01
8.652000000000000000e+03 4.474210000000000131e-01
8.653000000000000000e+03 4.474029999999999951e-01
8.654000000000000000e+03 4.473860000000000059e-01
8.655000000000000000e+03 4.473710000000000186e-01
8.656000000000000000e+03 4.473579999999999779e-01
8.657000000000000000e+03 4.473460000000000214e-01
8.658000000000000000e+03 4.473360000000000114e-01
8.659000000000000000e+03 4.473260000000000014e-01
8.660000000000000000e+03 4.473179999999999934e-01
8.661000000000000000e+03 4.473239999999999994e-01
8.662000000000000000e+03 4.473309999999999786e-01
8.663000000000000000e+03 4.473389999999999866e-01
8.664000000000000000e+03 4.473449999999999926e-01
8.665000000000000000e+03 4.473509999999999986e-01
8.666000000000000000e+03 4.473559999999999759e-01
8.667000000000000000e+03 4.473610000000000086e-01
8.668000000000000000e+03 4.473659999999999859e-01
8.669000000000000000e+03 4.473710000000000186e-01
8.670000000000000000e+03 4.473750000000000226e-01
8.671000000000000000e+03 4.473369999999999846e-01
8.672000000000000000e+03 4.472990000000000022e-01
8.673000000000000000e+03 4.472599999999999909e-01
8.674000000000000000e+03 4.472220000000000084e-01
8.675000000000000000e+03 4.471829999999999972e-01
8.676000000000000000e+03 4.471450000000000147e-01
8.677000000000000000e+03 4.471060000000000034e-01
8.678000000000000000e+03 4.470680000000000209e-01
8.679000000000000000e+03 4.470290000000000097e-01
8.680000000000000000e+03 4.469910000000000272e-01
8.681000000000000000e+03 4.470020000000000104e-01
8.682000000000000000e+03 4.470140000000000224e-01
8.683000000000000000e+03 4.470250000000000057e-01
8.684000000000000000e+03 4.470370000000000177e-01
8.685000000000000000e+03 4.470480000000000009e-01
8.686000000000000000e+03 4.470620000000000149e-01
8.687000000000000000e+03 4.470770000000000022e-01
8.688000000000000000e+03 4.470930000000000182e-01
8.689000000000000000e+03 4.471089999999999787e-01
8.690000000000000000e+03 4.471240000000000214e-01
8.691000000000000000e+03 4.470819999999999794e-01
8.692000000000000000e+03 4.470370000000000177e-01
8.693000000000000000e+03 4.469910000000000272e-01
8.694000000000000000e+03 4.469420000000000059e-01
8.695000000000000000e+03 4.468900000000000095e-01
8.696000000000000000e+03 4.469259999999999899e-01
8.697000000000000000e+03 4.469580000000000219e-01
8.698000000000000000e+03 4.469870000000000232e-01
8.699000000000000000e+03 4.470120000000000204e-01
8.700000000000000000e+03 4.470319999999999849e-01
8.701000000000000000e+03 4.469859999999999944e-01
8.702000000000000000e+03 4.469350000000000267e-01
8.703000000000000000e+03 4.468799999999999994e-01
8.704000000000000000e+03 4.468210000000000237e-01
8.705000000000000000e+03 4.467579999999999885e-01
8.706000000000000000e+03 4.466919999999999780e-01
8.707000000000000000e+03 4.466229999999999922e-01
8.708000000000000000e+03 4.465509999999999757e-01
8.709000000000000000e+03 4.464759999999999840e-01
8.710000000000000000e+03 4.464000000000000190e-01
8.711000000000000000e+03 4.463010000000000033e-01
8.712000000000000000e+03 4.462010000000000143e-01
8.713000000000000000e+03 4.461010000000000253e-01
8.714000000000000000e+03 4.460009999999999808e-01
8.715000000000000000e+03 4.459020000000000206e-01
8.716000000000000000e+03 4.458059999999999801e-01
8.717000000000000000e+03 4.457090000000000218e-01
8.718000000000000000e+03 4.456109999999999793e-01
8.719000000000000000e+03 4.455140000000000211e-01
8.720000000000000000e+03 4.454170000000000074e-01
8.721000000000000000e+03 4.453810000000000269e-01
8.722000000000000000e+03 4.453449999999999909e-01
8.723000000000000000e+03 4.453090000000000104e-01
8.724000000000000000e+03 4.452729999999999744e-01
8.725000000000000000e+03 4.452369999999999939e-01
8.726000000000000000e+03 4.452010000000000134e-01
8.727000000000000000e+03 4.451649999999999774e-01
8.728000000000000000e+03 4.451300000000000257e-01
8.729000000000000000e+03 4.450939999999999896e-01
8.730000000000000000e+03 4.450580000000000092e-01
8.731000000000000000e+03 4.449730000000000074e-01
8.732000000000000000e+03 4.448869999999999769e-01
8.733000000000000000e+03 4.448019999999999752e-01
8.734000000000000000e+03 4.447160000000000002e-01
8.735000000000000000e+03 4.446309999999999985e-01
8.736000000000000000e+03 4.445430000000000215e-01
8.737000000000000000e+03 4.444549999999999890e-01
8.738000000000000000e+03 4.443659999999999832e-01
8.739000000000000000e+03 4.442769999999999775e-01
8.740000000000000000e+03 4.441880000000000273e-01
8.741000000000000000e+03 4.441419999999999813e-01
8.742000000000000000e+03 4.440979999999999928e-01
8.743000000000000000e+03 4.440560000000000063e-01
8.744000000000000000e+03 4.440149999999999930e-01
8.745000000000000000e+03 4.439770000000000105e-01
8.746000000000000000e+03 4.439420000000000033e-01
8.747000000000000000e+03 4.439100000000000268e-01
8.748000000000000000e+03 4.438799999999999968e-01
8.749000000000000000e+03 4.438540000000000263e-01
8.750000000000000000e+03 4.438309999999999755e-01
8.751000000000000000e+03 4.437289999999999845e-01
8.752000000000000000e+03 4.436309999999999976e-01
8.753000000000000000e+03 4.435359999999999858e-01
8.754000000000000000e+03 4.434429999999999761e-01
8.755000000000000000e+03 4.433540000000000258e-01
8.756000000000000000e+03 4.432670000000000221e-01
8.757000000000000000e+03 4.431829999999999936e-01
8.758000000000000000e+03 4.431010000000000226e-01
8.759000000000000000e+03 4.430209999999999981e-01
8.760000000000000000e+03 4.429420000000000024e-01
8.761000000000000000e+03 4.429190000000000071e-01
8.762000000000000000e+03 4.428960000000000119e-01
8.763000000000000000e+03 4.428739999999999899e-01
8.764000000000000000e+03 4.428509999999999946e-01
8.765000000000000000e+03 4.428270000000000262e-01
8.766000000000000000e+03 4.428010000000000002e-01
8.767000000000000000e+03 4.427740000000000009e-01
8.768000000000000000e+03 4.427479999999999749e-01
8.769000000000000000e+03 4.427220000000000044e-01
8.770000000000000000e+03 4.426959999999999784e-01
8.771000000000000000e+03 4.426129999999999787e-01
8.772000000000000000e+03 4.425290000000000057e-01
8.773000000000000000e+03 4.424460000000000059e-01
8.774000000000000000e+03 4.423619999999999775e-01
8.775000000000000000e+03 4.422789999999999777e-01
8.776000000000000000e+03 4.421950000000000047e-01
8.777000000000000000e+03 4.421120000000000050e-01
8.778000000000000000e+03 4.420290000000000052e-01
8.779000000000000000e+03 4.419449999999999767e-01
8.780000000000000000e+03 4.418619999999999770e-01
8.781000000000000000e+03 4.417690000000000228e-01
8.782000000000000000e+03 4.416760000000000130e-01
8.783000000000000000e+03 4.415839999999999765e-01
8.784000000000000000e+03 4.414910000000000223e-01
8.785000000000000000e+03 4.413980000000000126e-01
8.786000000000000000e+03 4.413039999999999741e-01
8.787000000000000000e+03 4.412099999999999911e-01
8.788000000000000000e+03 4.411140000000000061e-01
8.789000000000000000e+03 4.410189999999999944e-01
8.790000000000000000e+03 4.409239999999999826e-01
8.791000000000000000e+03 4.409330000000000194e-01
8.792000000000000000e+03 4.409429999999999739e-01
8.793000000000000000e+03 4.409529999999999839e-01
8.794000000000000000e+03 4.409649999999999959e-01
8.795000000000000000e+03 4.409790000000000099e-01
8.796000000000000000e+03 4.409950000000000259e-01
8.797000000000000000e+03 4.410129999999999884e-01
8.798000000000000000e+03 4.410319999999999796e-01
8.799000000000000000e+03 4.410540000000000016e-01
8.800000000000000000e+03 4.410780000000000256e-01
8.801000000000000000e+03 4.410270000000000024e-01
8.802000000000000000e+03 4.409770000000000079e-01
8.803000000000000000e+03 4.409299999999999886e-01
8.804000000000000000e+03 4.408850000000000269e-01
8.805000000000000000e+03 4.408420000000000116e-01
8.806000000000000000e+03 4.408009999999999984e-01
8.807000000000000000e+03 4.407619999999999871e-01
8.808000000000000000e+03 4.407240000000000046e-01
8.809000000000000000e+03 4.406869999999999954e-01
8.810000000000000000e+03 4.406519999999999881e-01
8.811000000000000000e+03 4.407039999999999846e-01
8.812000000000000000e+03 4.407570000000000099e-01
8.813000000000000000e+03 4.408099999999999796e-01
8.814000000000000000e+03 4.408619999999999761e-01
8.815000000000000000e+03 4.409129999999999994e-01
8.816000000000000000e+03 4.408730000000000149e-01
8.817000000000000000e+03 4.408329999999999749e-01
8.818000000000000000e+03 4.407920000000000171e-01
8.819000000000000000e+03 4.407499999999999751e-01
8.820000000000000000e+03 4.407090000000000174e-01
8.821000000000000000e+03 4.407039999999999846e-01
8.822000000000000000e+03 4.406990000000000074e-01
8.823000000000000000e+03 4.406939999999999746e-01
8.824000000000000000e+03 4.406880000000000241e-01
8.825000000000000000e+03 4.406829999999999914e-01
8.826000000000000000e+03 4.405879999999999797e-01
8.827000000000000000e+03 4.404930000000000234e-01
8.828000000000000000e+03 4.403980000000000117e-01
8.829000000000000000e+03 4.403039999999999732e-01
8.830000000000000000e+03 4.402090000000000169e-01
8.831000000000000000e+03 4.402090000000000169e-01
8.832000000000000000e+03 4.402079999999999882e-01
8.833000000000000000e+03 4.402079999999999882e-01
8.834000000000000000e+03 4.402079999999999882e-01
8.835000000000000000e+03 4.402090000000000169e-01
8.836000000000000000e+03 4.402090000000000169e-01
8.837000000000000000e+03 4.402099999999999902e-01
8.838000000000000000e+03 4.402099999999999902e-01
8.839000000000000000e+03 4.402110000000000190e-01
8.840000000000000000e+03 4.402119999999999922e-01
8.841000000000000000e+03 4.401939999999999742e-01
8.842000000000000000e+03 4.401760000000000117e-01
8.843000000000000000e+03 4.401579999999999937e-01
8.844000000000000000e+03 4.401399999999999757e-01
8.845000000000000000e+03 4.401229999999999865e-01
8.846000000000000000e+03 4.401070000000000260e-01
8.847000000000000000e+03 4.400899999999999812e-01
8.848000000000000000e+03 4.400740000000000207e-01
8.849000000000000000e+03 4.400589999999999780e-01
8.850000000000000000e+03 4.400439999999999907e-01
8.851000000000000000e+03 4.398599999999999732e-01
8.852000000000000000e+03 4.396769999999999845e-01
8.853000000000000000e+03 4.394939999999999958e-01
8.854000000000000000e+03 4.393119999999999803e-01
8.855000000000000000e+03 4.391309999999999936e-01
8.856000000000000000e+03 4.389509999999999801e-01
8.857000000000000000e+03 4.387719999999999954e-01
8.858000000000000000e+03 4.385930000000000106e-01
8.859000000000000000e+03 4.384149999999999991e-01
8.860000000000000000e+03 4.382380000000000164e-01
8.861000000000000000e+03 4.382190000000000252e-01
8.862000000000000000e+03 4.381999999999999784e-01
8.863000000000000000e+03 4.381820000000000159e-01
8.864000000000000000e+03 4.381639999999999979e-01
8.865000000000000000e+03 4.381459999999999799e-01
8.866000000000000000e+03 4.382159999999999944e-01
8.867000000000000000e+03 4.382869999999999822e-01
8.868000000000000000e+03 4.383580000000000254e-01
8.869000000000000000e+03 4.384290000000000131e-01
8.870000000000000000e+03 4.385000000000000009e-01
8.871000000000000000e+03 4.384930000000000216e-01
8.872000000000000000e+03 4.384870000000000156e-01
8.873000000000000000e+03 4.384799999999999809e-01
8.874000000000000000e+03 4.384739999999999749e-01
8.875000000000000000e+03 4.384680000000000244e-01
8.876000000000000000e+03 4.383730000000000127e-01
8.877000000000000000e+03 4.382789999999999742e-01
8.878000000000000000e+03 4.381849999999999912e-01
8.879000000000000000e+03 4.380910000000000082e-01
8.880000000000000000e+03 4.379979999999999984e-01
8.881000000000000000e+03 4.380209999999999937e-01
8.882000000000000000e+03 4.380439999999999889e-01
8.883000000000000000e+03 4.380669999999999842e-01
8.884000000000000000e+03 4.380899999999999794e-01
8.885000000000000000e+03 4.381120000000000014e-01
8.886000000000000000e+03 4.383159999999999834e-01
8.887000000000000000e+03 4.385229999999999961e-01
8.888000000000000000e+03 4.387300000000000089e-01
8.889000000000000000e+03 4.389370000000000216e-01
8.890000000000000000e+03 4.391430000000000056e-01
8.891000000000000000e+03 4.389739999999999753e-01
8.892000000000000000e+03 4.388020000000000254e-01
8.893000000000000000e+03 4.386249999999999871e-01
8.894000000000000000e+03 4.384430000000000271e-01
8.895000000000000000e+03 4.382539999999999769e-01
8.896000000000000000e+03 4.381479999999999819e-01
8.897000000000000000e+03 4.380339999999999789e-01
8.898000000000000000e+03 4.379120000000000235e-01
8.899000000000000000e+03 4.377829999999999777e-01
8.900000000000000000e+03 4.376470000000000082e-01
8.901000000000000000e+03 4.374040000000000150e-01
8.902000000000000000e+03 4.371550000000000158e-01
8.903000000000000000e+03 4.368989999999999818e-01
8.904000000000000000e+03 4.366360000000000241e-01
8.905000000000000000e+03 4.363679999999999781e-01
8.906000000000000000e+03 4.362719999999999931e-01
8.907000000000000000e+03 4.361720000000000041e-01
8.908000000000000000e+03 4.360669999999999824e-01
8.909000000000000000e+03 4.359589999999999854e-01
8.910000000000000000e+03 4.358489999999999864e-01
8.911000000000000000e+03 4.356840000000000157e-01
8.912000000000000000e+03 4.355189999999999895e-01
8.913000000000000000e+03 4.353540000000000187e-01
8.914000000000000000e+03 4.351909999999999945e-01
8.915000000000000000e+03 4.350299999999999723e-01
8.916000000000000000e+03 4.348739999999999828e-01
8.917000000000000000e+03 4.347170000000000201e-01
8.918000000000000000e+03 4.345589999999999731e-01
8.919000000000000000e+03 4.344020000000000103e-01
8.920000000000000000e+03 4.342440000000000189e-01
8.921000000000000000e+03 4.339199999999999724e-01
8.922000000000000000e+03 4.335959999999999814e-01
8.923000000000000000e+03 4.332719999999999905e-01
8.924000000000000000e+03 4.329470000000000263e-01
8.925000000000000000e+03 4.326220000000000065e-01
8.926000000000000000e+03 4.319439999999999946e-01
8.927000000000000000e+03 4.312659999999999827e-01
8.928000000000000000e+03 4.305889999999999995e-01
8.929000000000000000e+03 4.299109999999999876e-01
8.930000000000000000e+03 4.292349999999999777e-01
8.931000000000000000e+03 4.288089999999999957e-01
8.932000000000000000e+03 4.283839999999999870e-01
8.933000000000000000e+03 4.279589999999999783e-01
8.934000000000000000e+03 4.275349999999999984e-01
8.935000000000000000e+03 4.271119999999999917e-01
8.936000000000000000e+03 4.270349999999999979e-01
8.937000000000000000e+03 4.269549999999999734e-01
8.938000000000000000e+03 4.268739999999999757e-01
8.939000000000000000e+03 4.267920000000000047e-01
8.940000000000000000e+03 4.267119999999999802e-01
8.941000000000000000e+03 4.260249999999999870e-01
8.942000000000000000e+03 4.253430000000000266e-01
8.943000000000000000e+03 4.246659999999999879e-01
8.944000000000000000e+03 4.239959999999999840e-01
8.945000000000000000e+03 4.233319999999999861e-01
8.946000000000000000e+03 4.221530000000000005e-01
8.947000000000000000e+03 4.209820000000000229e-01
8.948000000000000000e+03 4.198209999999999997e-01
8.949000000000000000e+03 4.186690000000000134e-01
8.950000000000000000e+03 4.175269999999999815e-01
8.951000000000000000e+03 4.160159999999999969e-01
8.952000000000000000e+03 4.145159999999999956e-01
8.953000000000000000e+03 4.130240000000000022e-01
8.954000000000000000e+03 4.115409999999999902e-01
8.955000000000000000e+03 4.100659999999999861e-01
8.956000000000000000e+03 4.090349999999999819e-01
8.957000000000000000e+03 4.080090000000000106e-01
8.958000000000000000e+03 4.069900000000000184e-01
8.959000000000000000e+03 4.059740000000000015e-01
8.960000000000000000e+03 4.049630000000000174e-01
8.961000000000000000e+03 4.035610000000000031e-01
8.962000000000000000e+03 4.021600000000000175e-01
8.963000000000000000e+03 4.007589999999999764e-01
8.964000000000000000e+03 3.993559999999999888e-01
8.965000000000000000e+03 3.979500000000000259e-01
8.966000000000000000e+03 3.974110000000000142e-01
8.967000000000000000e+03 3.968709999999999738e-01
8.968000000000000000e+03 3.963320000000000176e-01
8.969000000000000000e+03 3.957939999999999792e-01
8.970000000000000000e+03 3.952550000000000230e-01
8.971000000000000000e+03 3.961629999999999874e-01
8.972000000000000000e+03 3.970710000000000073e-01
8.973000000000000000e+03 3.979790000000000272e-01
8.974000000000000000e+03 3.988880000000000203e-01
8.975000000000000000e+03 3.997970000000000135e-01
8.976000000000000000e+03 4.003579999999999917e-01
8.977000000000000000e+03 4.009190000000000254e-01
8.978000000000000000e+03 4.014809999999999768e-01
8.979000000000000000e+03 4.020429999999999837e-01
8.980000000000000000e+03 4.026040000000000174e-01
8.981000000000000000e+03 3.992530000000000245e-01
8.982000000000000000e+03 3.959019999999999762e-01
8.983000000000000000e+03 3.925520000000000120e-01
8.984000000000000000e+03 3.892030000000000212e-01
8.985000000000000000e+03 3.858539999999999748e-01
8.986000000000000000e+03 3.813790000000000235e-01
8.987000000000000000e+03 3.769069999999999920e-01
8.988000000000000000e+03 3.724370000000000180e-01
8.989000000000000000e+03 3.679680000000000173e-01
8.990000000000000000e+03 3.634990000000000165e-01
8.991000000000000000e+03 3.655180000000000096e-01
8.992000000000000000e+03 3.675340000000000273e-01
8.993000000000000000e+03 3.695450000000000124e-01
8.994000000000000000e+03 3.715530000000000221e-01
8.995000000000000000e+03 3.735539999999999972e-01
8.996000000000000000e+03 3.764190000000000036e-01
8.997000000000000000e+03 3.792780000000000040e-01
8.998000000000000000e+03 3.821289999999999965e-01
8.999000000000000000e+03 3.849719999999999809e-01
9.000000000000000000e+03 3.878079999999999861e-01
9.001000000000000000e+03 3.867169999999999774e-01
9.002000000000000000e+03 3.856189999999999896e-01
9.003000000000000000e+03 3.845149999999999957e-01
9.004000000000000000e+03 3.834040000000000226e-01
9.005000000000000000e+03 3.822880000000000167e-01
9.006000000000000000e+03 3.824670000000000014e-01
9.007000000000000000e+03 3.826410000000000089e-01
9.008000000000000000e+03 3.828090000000000104e-01
9.009000000000000000e+03 3.829730000000000079e-01
9.010000000000000000e+03 3.831339999999999746e-01
9.011000000000000000e+03 3.839159999999999795e-01
9.012000000000000000e+03 3.846959999999999824e-01
9.013000000000000000e+03 3.854759999999999853e-01
9.014000000000000000e+03 3.862550000000000150e-01
9.015000000000000000e+03 3.870370000000000199e-01
9.016000000000000000e+03 3.866979999999999862e-01
9.017000000000000000e+03 3.863599999999999812e-01
9.018000000000000000e+03 3.860210000000000030e-01
9.019000000000000000e+03 3.856820000000000248e-01
9.020000000000000000e+03 3.853429999999999911e-01
9.021000000000000000e+03 3.847140000000000004e-01
9.022000000000000000e+03 3.840850000000000097e-01
9.023000000000000000e+03 3.834569999999999923e-01
9.024000000000000000e+03 3.828289999999999749e-01
9.025000000000000000e+03 3.822010000000000129e-01
9.026000000000000000e+03 3.832090000000000218e-01
9.027000000000000000e+03 3.842169999999999752e-01
9.028000000000000000e+03 3.852249999999999841e-01
9.029000000000000000e+03 3.862320000000000197e-01
9.030000000000000000e+03 3.872389999999999999e-01
9.031000000000000000e+03 3.900699999999999723e-01
9.032000000000000000e+03 3.928980000000000250e-01
9.033000000000000000e+03 3.957229999999999914e-01
9.034000000000000000e+03 3.985460000000000114e-01
9.035000000000000000e+03 4.013669999999999738e-01
9.036000000000000000e+03 4.031549999999999856e-01
9.037000000000000000e+03 4.049400000000000222e-01
9.038000000000000000e+03 4.067230000000000012e-01
9.039000000000000000e+03 4.085030000000000050e-01
9.040000000000000000e+03 4.102819999999999800e-01
9.041000000000000000e+03 4.097990000000000244e-01
9.042000000000000000e+03 4.093169999999999864e-01
9.043000000000000000e+03 4.088350000000000040e-01
9.044000000000000000e+03 4.083550000000000235e-01
9.045000000000000000e+03 4.078760000000000163e-01
9.046000000000000000e+03 4.073129999999999806e-01
9.047000000000000000e+03 4.067520000000000024e-01
9.048000000000000000e+03 4.061919999999999975e-01
9.049000000000000000e+03 4.056359999999999966e-01
9.050000000000000000e+03 4.050810000000000244e-01
9.051000000000000000e+03 4.050170000000000159e-01
9.052000000000000000e+03 4.049550000000000094e-01
9.053000000000000000e+03 4.048959999999999781e-01
9.054000000000000000e+03 4.048379999999999757e-01
9.055000000000000000e+03 4.047830000000000039e-01
9.056000000000000000e+03 4.043039999999999967e-01
9.057000000000000000e+03 4.038269999999999915e-01
9.058000000000000000e+03 4.033510000000000151e-01
9.059000000000000000e+03 4.028769999999999851e-01
9.060000000000000000e+03 4.024030000000000107e-01
9.061000000000000000e+03 4.002820000000000267e-01
9.062000000000000000e+03 3.981620000000000159e-01
9.063000000000000000e+03 3.960420000000000051e-01
9.064000000000000000e+03 3.939230000000000231e-01
9.065000000000000000e+03 3.918039999999999856e-01
9.066000000000000000e+03 3.895140000000000269e-01
9.067000000000000000e+03 3.872240000000000126e-01
9.068000000000000000e+03 3.849360000000000004e-01
9.069000000000000000e+03 3.826479999999999881e-01
9.070000000000000000e+03 3.803619999999999779e-01
9.071000000000000000e+03 3.794790000000000108e-01
9.072000000000000000e+03 3.785959999999999881e-01
9.073000000000000000e+03 3.777139999999999942e-01
9.074000000000000000e+03 3.768329999999999735e-01
9.075000000000000000e+03 3.759520000000000084e-01
9.076000000000000000e+03 3.755800000000000249e-01
9.077000000000000000e+03 3.752090000000000147e-01
9.078000000000000000e+03 3.748369999999999758e-01
9.079000000000000000e+03 3.744660000000000211e-01
9.080000000000000000e+03 3.740950000000000109e-01
9.081000000000000000e+03 3.742619999999999836e-01
9.082000000000000000e+03 3.744279999999999831e-01
9.083000000000000000e+03 3.745939999999999825e-01
9.084000000000000000e+03 3.747599999999999820e-01
9.085000000000000000e+03 3.749259999999999815e-01
9.086000000000000000e+03 3.749219999999999775e-01
9.087000000000000000e+03 3.749170000000000003e-01
9.088000000000000000e+03 3.749120000000000230e-01
9.089000000000000000e+03 3.749069999999999903e-01
9.090000000000000000e+03 3.749020000000000130e-01
9.091000000000000000e+03 3.752499999999999725e-01
9.092000000000000000e+03 3.755979999999999874e-01
9.093000000000000000e+03 3.753859999999999975e-01
9.094000000000000000e+03 3.751729999999999787e-01
9.095000000000000000e+03 3.747579999999999800e-01
9.096000000000000000e+03 3.741749999999999798e-01
9.097000000000000000e+03 3.736119999999999997e-01
9.098000000000000000e+03 3.730479999999999907e-01
9.099000000000000000e+03 3.724649999999999905e-01
9.100000000000000000e+03 3.718810000000000171e-01
9.101000000000000000e+03 3.704210000000000003e-01
9.102000000000000000e+03 3.689649999999999874e-01
9.103000000000000000e+03 3.674930000000000141e-01
9.104000000000000000e+03 3.660249999999999893e-01
9.105000000000000000e+03 3.645610000000000239e-01
9.106000000000000000e+03 3.647320000000000007e-01
9.107000000000000000e+03 3.649189999999999934e-01
9.108000000000000000e+03 3.651010000000000089e-01
9.109000000000000000e+03 3.652599999999999736e-01
9.110000000000000000e+03 3.654140000000000166e-01
9.111000000000000000e+03 3.650050000000000239e-01
9.112000000000000000e+03 3.645939999999999737e-01
9.113000000000000000e+03 3.641599999999999837e-01
9.114000000000000000e+03 3.637250000000000205e-01
9.115000000000000000e+03 3.633080000000000198e-01
9.116000000000000000e+03 3.615360000000000240e-01
9.117000000000000000e+03 3.597489999999999855e-01
9.118000000000000000e+03 3.579669999999999797e-01
9.119000000000000000e+03 3.562100000000000266e-01
9.120000000000000000e+03 3.544579999999999953e-01
9.121000000000000000e+03 3.545780000000000043e-01
9.122000000000000000e+03 3.546929999999999805e-01
9.123000000000000000e+03 3.548040000000000083e-01
9.124000000000000000e+03 3.549100000000000033e-01
9.125000000000000000e+03 3.550320000000000142e-01
9.126000000000000000e+03 3.522020000000000151e-01
9.127000000000000000e+03 3.491819999999999924e-01
9.128000000000000000e+03 3.461739999999999817e-01
9.129000000000000000e+03 3.426270000000000149e-01
9.130000000000000000e+03 3.390980000000000105e-01
9.131000000000000000e+03 3.354030000000000067e-01
9.132000000000000000e+03 3.317280000000000229e-01
9.133000000000000000e+03 3.280730000000000035e-01
9.134000000000000000e+03 3.244389999999999774e-01
9.135000000000000000e+03 3.208070000000000088e-01
9.136000000000000000e+03 3.210560000000000080e-01
9.137000000000000000e+03 3.213090000000000113e-01
9.138000000000000000e+03 3.215459999999999985e-01
9.139000000000000000e+03 3.217670000000000252e-01
9.140000000000000000e+03 3.219710000000000072e-01
9.141000000000000000e+03 3.228800000000000003e-01
9.142000000000000000e+03 3.237639999999999962e-01
9.143000000000000000e+03 3.246229999999999949e-01
9.144000000000000000e+03 3.254580000000000251e-01
9.145000000000000000e+03 3.262680000000000025e-01
9.146000000000000000e+03 3.238739999999999952e-01
9.147000000000000000e+03 3.214879999999999960e-01
9.148000000000000000e+03 3.191100000000000048e-01
9.149000000000000000e+03 3.167400000000000215e-01
9.150000000000000000e+03 3.143779999999999908e-01
9.151000000000000000e+03 3.093699999999999783e-01
9.152000000000000000e+03 3.043989999999999752e-01
9.153000000000000000e+03 2.994820000000000260e-01
9.154000000000000000e+03 2.945999999999999730e-01
9.155000000000000000e+03 2.897529999999999828e-01
9.156000000000000000e+03 2.891650000000000054e-01
9.157000000000000000e+03 2.885679999999999912e-01
9.158000000000000000e+03 2.879610000000000225e-01
9.159000000000000000e+03 2.873459999999999903e-01
9.160000000000000000e+03 2.867210000000000036e-01
9.161000000000000000e+03 2.884249999999999869e-01
9.162000000000000000e+03 2.900940000000000185e-01
9.163000000000000000e+03 2.917299999999999893e-01
9.164000000000000000e+03 2.933310000000000084e-01
9.165000000000000000e+03 2.948990000000000222e-01
9.166000000000000000e+03 2.934499999999999886e-01
9.167000000000000000e+03 2.919999999999999818e-01
9.168000000000000000e+03 2.905499999999999750e-01
9.169000000000000000e+03 2.890780000000000016e-01
9.170000000000000000e+03 2.876059999999999728e-01
9.171000000000000000e+03 2.839200000000000057e-01
9.172000000000000000e+03 2.802580000000000071e-01
9.173000000000000000e+03 2.766210000000000058e-01
9.174000000000000000e+03 2.730079999999999729e-01
9.175000000000000000e+03 2.694210000000000216e-01
9.176000000000000000e+03 2.670560000000000156e-01
9.177000000000000000e+03 2.647010000000000196e-01
9.178000000000000000e+03 2.623570000000000069e-01
9.179000000000000000e+03 2.600230000000000041e-01
9.180000000000000000e+03 2.576999999999999846e-01
9.181000000000000000e+03 2.576990000000000114e-01
9.182000000000000000e+03 2.576809999999999934e-01
9.183000000000000000e+03 2.576450000000000129e-01
9.184000000000000000e+03 2.575910000000000144e-01
9.185000000000000000e+03 2.575000000000000067e-01
9.186000000000000000e+03 2.574480000000000102e-01
9.187000000000000000e+03 2.573980000000000157e-01
9.188000000000000000e+03 2.573289999999999744e-01
9.189000000000000000e+03 2.572429999999999994e-01
9.190000000000000000e+03 2.571379999999999777e-01
9.191000000000000000e+03 2.560319999999999818e-01
9.192000000000000000e+03 2.549210000000000087e-01
9.193000000000000000e+03 2.538050000000000028e-01
9.194000000000000000e+03 2.526829999999999909e-01
9.195000000000000000e+03 2.515560000000000018e-01
9.196000000000000000e+03 2.500000000000000000e-01
9.197000000000000000e+03 2.484439999999999982e-01
9.198000000000000000e+03 2.468879999999999963e-01
9.199000000000000000e+03 2.453309999999999935e-01
9.200000000000000000e+03 2.437739999999999907e-01
9.201000000000000000e+03 2.428379999999999983e-01
9.202000000000000000e+03 2.418939999999999979e-01
9.203000000000000000e+03 2.409610000000000085e-01
9.204000000000000000e+03 2.400190000000000101e-01
9.205000000000000000e+03 2.390690000000000037e-01
9.206000000000000000e+03 2.373659999999999937e-01
9.207000000000000000e+03 2.356650000000000134e-01
9.208000000000000000e+03 2.339670000000000083e-01
9.209000000000000000e+03 2.322700000000000042e-01
9.210000000000000000e+03 2.305740000000000012e-01
9.211000000000000000e+03 2.283250000000000002e-01
9.212000000000000000e+03 2.260860000000000092e-01
9.213000000000000000e+03 2.238570000000000004e-01
9.214000000000000000e+03 2.216390000000000027e-01
9.215000000000000000e+03 2.194309999999999872e-01
9.216000000000000000e+03 2.177409999999999901e-01
9.217000000000000000e+03 2.160529999999999951e-01
9.218000000000000000e+03 2.143680000000000030e-01
9.219000000000000000e+03 2.126649999999999929e-01
9.220000000000000000e+03 2.109640000000000126e-01
9.221000000000000000e+03 2.098099999999999965e-01
9.222000000000000000e+03 2.086500000000000021e-01
9.223000000000000000e+03 2.074850000000000028e-01
9.224000000000000000e+03 2.063129999999999964e-01
9.225000000000000000e+03 2.051360000000000128e-01
9.226000000000000000e+03 2.034420000000000117e-01
9.227000000000000000e+03 2.017500000000000127e-01
9.228000000000000000e+03 2.000609999999999888e-01
9.229000000000000000e+03 1.983739999999999948e-01
9.230000000000000000e+03 1.966900000000000037e-01
9.231000000000000000e+03 1.949130000000000029e-01
9.232000000000000000e+03 1.931390000000000051e-01
9.233000000000000000e+03 1.913700000000000123e-01
9.234000000000000000e+03 1.896049999999999958e-01
9.235000000000000000e+03 1.878239999999999910e-01
9.236000000000000000e+03 1.859709999999999974e-01
9.237000000000000000e+03 1.841430000000000011e-01
9.238000000000000000e+03 1.823210000000000108e-01
9.239000000000000000e+03 1.805049999999999988e-01
9.240000000000000000e+03 1.786939999999999917e-01
9.241000000000000000e+03 1.769179999999999919e-01
9.242000000000000000e+03 1.751459999999999961e-01
9.243000000000000000e+03 1.733780000000000043e-01
9.244000000000000000e+03 1.716149999999999898e-01
9.245000000000000000e+03 1.698550000000000060e-01
9.246000000000000000e+03 1.682430000000000037e-01
9.247000000000000000e+03 1.666310000000000013e-01
9.248000000000000000e+03 1.650210000000000010e-01
9.249000000000000000e+03 1.634130000000000027e-01
9.250000000000000000e+03 1.618050000000000044e-01
9.251000000000000000e+03 1.604119999999999990e-01
9.252000000000000000e+03 1.590159999999999907e-01
9.253000000000000000e+03 1.576369999999999993e-01
9.254000000000000000e+03 1.562540000000000040e-01
9.255000000000000000e+03 1.548670000000000047e-01
9.256000000000000000e+03 1.534129999999999938e-01
9.257000000000000000e+03 1.519570000000000087e-01
9.258000000000000000e+03 1.504999999999999949e-01
9.259000000000000000e+03 1.490410000000000068e-01
9.260000000000000000e+03 1.475809999999999900e-01
9.261000000000000000e+03 1.460889999999999966e-01
9.262000000000000000e+03 1.445970000000000033e-01
9.263000000000000000e+03 1.431050000000000100e-01
9.264000000000000000e+03 1.416129999999999889e-01
9.265000000000000000e+03 1.401229999999999976e-01
9.266000000000000000e+03 1.387200000000000100e-01
9.267000000000000000e+03 1.373159999999999936e-01
9.268000000000000000e+03 1.359100000000000030e-01
9.269000000000000000e+03 1.344819999999999904e-01
9.270000000000000000e+03 1.330530000000000046e-01
9.271000000000000000e+03 1.307939999999999936e-01
9.272000000000000000e+03 1.285540000000000016e-01
9.273000000000000000e+03 1.263319999999999999e-01
9.274000000000000000e+03 1.241290000000000032e-01
9.275000000000000000e+03 1.219439999999999968e-01
9.276000000000000000e+03 1.195190000000000002e-01
9.277000000000000000e+03 1.171190000000000009e-01
9.278000000000000000e+03 1.147439999999999988e-01
9.279000000000000000e+03 1.123930000000000068e-01
9.280000000000000000e+03 1.100679999999999992e-01
9.281000000000000000e+03 1.084620000000000029e-01
9.282000000000000000e+03 1.068629999999999997e-01
9.283000000000000000e+03 1.052700000000000025e-01
9.284000000000000000e+03 1.036829999999999974e-01
9.285000000000000000e+03 1.020839999999999942e-01
9.286000000000000000e+03 1.003789999999999960e-01
9.287000000000000000e+03 9.870080000000000520e-02
9.288000000000000000e+03 9.703249999999999376e-02
9.289000000000000000e+03 9.537339999999999707e-02
9.290000000000000000e+03 9.372329999999999550e-02
9.291000000000000000e+03 9.189730000000000121e-02
9.292000000000000000e+03 9.008560000000000179e-02
9.293000000000000000e+03 8.828809999999999436e-02
9.294000000000000000e+03 8.650460000000000094e-02
9.295000000000000000e+03 8.473509999999999376e-02
9.296000000000000000e+03 8.262980000000000325e-02
9.297000000000000000e+03 8.054999999999999660e-02
9.298000000000000000e+03 7.849549999999999583e-02
9.299000000000000000e+03 7.646630000000000094e-02
9.300000000000000000e+03 7.446250000000000091e-02
9.301000000000000000e+03 7.254460000000000075e-02
9.302000000000000000e+03 7.064940000000000109e-02
9.303000000000000000e+03 6.879319999999999879e-02
9.304000000000000000e+03 6.695959999999999412e-02
9.305000000000000000e+03 6.514849999999999808e-02
9.306000000000000000e+03 6.337639999999999940e-02
9.307000000000000000e+03 6.162639999999999785e-02
9.308000000000000000e+03 5.989850000000000035e-02
9.309000000000000000e+03 5.819280000000000286e-02
9.310000000000000000e+03 5.650929999999999842e-02
9.311000000000000000e+03 5.478090000000000043e-02
9.312000000000000000e+03 5.307789999999999730e-02
9.313000000000000000e+03 5.140030000000000293e-02
9.314000000000000000e+03 4.974830000000000224e-02
9.315000000000000000e+03 4.812170000000000336e-02
9.316000000000000000e+03 4.608740000000000059e-02
9.317000000000000000e+03 4.409880000000000050e-02
9.318000000000000000e+03 4.215580000000000022e-02
9.319000000000000000e+03 4.024509999999999893e-02
9.320000000000000000e+03 3.838029999999999914e-02
9.321000000000000000e+03 3.708449999999999941e-02
9.322000000000000000e+03 3.580660000000000093e-02
9.323000000000000000e+03 3.454650000000000082e-02
9.324000000000000000e+03 3.330419999999999908e-02
9.325000000000000000e+03 3.207970000000000266e-02
9.326000000000000000e+03 3.119430000000000119e-02
9.327000000000000000e+03 3.030710000000000001e-02
9.328000000000000000e+03 2.941809999999999911e-02
9.329000000000000000e+03 2.852719999999999909e-02
9.330000000000000000e+03 2.763449999999999934e-02
9.331000000000000000e+03 2.652540000000000106e-02
9.332000000000000000e+03 2.542969999999999953e-02
9.333000000000000000e+03 2.434740000000000168e-02
9.334000000000000000e+03 2.327829999999999830e-02
9.335000000000000000e+03 2.243550000000000058e-02
9.336000000000000000e+03 2.123020000000000115e-02
9.337000000000000000e+03 2.028380000000000113e-02
9.338000000000000000e+03 1.935970000000000052e-02
9.339000000000000000e+03 1.844720000000000040e-02
9.340000000000000000e+03 1.755759999999999960e-02
9.341000000000000000e+03 1.698840000000000072e-02
9.342000000000000000e+03 1.642779999999999935e-02
9.343000000000000000e+03 1.586589999999999875e-02
9.344000000000000000e+03 1.531290000000000082e-02
9.345000000000000000e+03 1.476869999999999919e-02
9.346000000000000000e+03 1.484229999999999924e-02
9.347000000000000000e+03 1.490230000000000027e-02
9.348000000000000000e+03 1.493889999999999975e-02
9.349000000000000000e+03 1.494110000000000056e-02
9.350000000000000000e+03 1.491950000000000047e-02
9.351000000000000000e+03 1.461199999999999999e-02
9.352000000000000000e+03 1.429790000000000054e-02
9.353000000000000000e+03 1.396550000000000048e-02
9.354000000000000000e+03 1.362649999999999972e-02
9.355000000000000000e+03 1.329239999999999935e-02
9.356000000000000000e+03 1.274360000000000076e-02
9.357000000000000000e+03 1.219100000000000045e-02
9.358000000000000000e+03 1.164639999999999946e-02
9.359000000000000000e+03 1.112119999999999949e-02
9.360000000000000000e+03 1.060370000000000063e-02
9.361000000000000000e+03 1.020369999999999958e-02
9.362000000000000000e+03 9.801209999999999437e-03
9.363000000000000000e+03 9.396260000000000029e-03
9.364000000000000000e+03 8.988839999999999678e-03
9.365000000000000000e+03 8.590389999999999832e-03
9.366000000000000000e+03 8.116470000000000629e-03
9.367000000000000000e+03 7.636579999999999584e-03
9.368000000000000000e+03 7.162159999999999881e-03
9.369000000000000000e+03 6.704329999999999665e-03
9.370000000000000000e+03 6.251810000000000006e-03
9.371000000000000000e+03 5.886520000000000120e-03
9.372000000000000000e+03 5.513040000000000301e-03
9.373000000000000000e+03 5.142800000000000323e-03
9.374000000000000000e+03 4.764629999999999733e-03
9.375000000000000000e+03 4.366939999999999711e-03
9.376000000000000000e+03 3.937050000000000098e-03
9.377000000000000000e+03 3.504559999999999880e-03
9.378000000000000000e+03 3.069469999999999924e-03
9.379000000000000000e+03 2.643560000000000094e-03
9.380000000000000000e+03 2.215149999999999932e-03
9.381000000000000000e+03 1.773779999999999975e-03
9.382000000000000000e+03 1.329169999999999961e-03
9.383000000000000000e+03 8.932459999999999923e-04
9.384000000000000000e+03 4.541840000000000005e-04
9.385000000000000000e+03 2.278930000000000083e-04
