6.760000000000000000e+03 8.017679999999999820e-13
6.761000000000000000e+03 9.380120000000000038e-04
6.762000000000000000e+03 1.876400000000000073e-03
6.763000000000000000e+03 2.815170000000000085e-03
6.764000000000000000e+03 3.754319999999999793e-03
6.765000000000000000e+03 4.669139999999999575e-03
6.766000000000000000e+03 5.583160000000000206e-03
6.767000000000000000e+03 6.521869999999999924e-03
6.768000000000000000e+03 7.460549999999999821e-03
6.769000000000000000e+03 8.399230000000000584e-03
6.770000000000000000e+03 9.337879999999999792e-03
6.771000000000000000e+03 1.027669999999999972e-02
6.772000000000000000e+03 1.121559999999999918e-02
6.773000000000000000e+03 1.212979999999999961e-02
6.774000000000000000e+03 1.304400000000000004e-02
6.775000000000000000e+03 1.398300000000000064e-02
6.776000000000000000e+03 1.492510000000000017e-02
6.777000000000000000e+03 1.586759999999999907e-02
6.778000000000000000e+03 1.681049999999999905e-02
6.779000000000000000e+03 1.775389999999999954e-02
6.780000000000000000e+03 1.869770000000000112e-02
6.781000000000000000e+03 1.961289999999999908e-02
6.782000000000000000e+03 2.052819999999999992e-02
6.783000000000000000e+03 2.146819999999999978e-02
6.784000000000000000e+03 2.240829999999999905e-02
6.785000000000000000e+03 2.334829999999999892e-02
6.786000000000000000e+03 2.428840000000000166e-02
6.787000000000000000e+03 2.522850000000000092e-02
6.788000000000000000e+03 2.616860000000000019e-02
6.789000000000000000e+03 2.708400000000000044e-02
6.790000000000000000e+03 2.799940000000000068e-02
6.791000000000000000e+03 2.893930000000000113e-02
6.792000000000000000e+03 2.987920000000000159e-02
6.793000000000000000e+03 3.081899999999999917e-02
6.794000000000000000e+03 3.175889999999999963e-02
6.795000000000000000e+03 3.269869999999999721e-02
6.796000000000000000e+03 3.363859999999999767e-02
6.797000000000000000e+03 3.455369999999999969e-02
6.798000000000000000e+03 3.546880000000000172e-02
6.799000000000000000e+03 3.640859999999999930e-02
6.800000000000000000e+03 3.734839999999999688e-02
6.801000000000000000e+03 3.829400000000000165e-02
6.802000000000000000e+03 3.923979999999999829e-02
6.803000000000000000e+03 4.018580000000000069e-02
6.804000000000000000e+03 4.113220000000000071e-02
6.805000000000000000e+03 4.205400000000000110e-02
6.806000000000000000e+03 4.296710000000000113e-02
6.807000000000000000e+03 4.390489999999999671e-02
6.808000000000000000e+03 4.484250000000000042e-02
6.809000000000000000e+03 4.578000000000000125e-02
6.810000000000000000e+03 4.671730000000000327e-02
6.811000000000000000e+03 4.859639999999999793e-02
6.812000000000000000e+03 5.047530000000000072e-02
6.813000000000000000e+03 5.232930000000000220e-02
6.814000000000000000e+03 5.418329999999999674e-02
6.815000000000000000e+03 5.606180000000000191e-02
6.816000000000000000e+03 5.794019999999999726e-02
6.817000000000000000e+03 5.979380000000000112e-02
6.818000000000000000e+03 6.164730000000000210e-02
6.819000000000000000e+03 6.352530000000000676e-02
6.820000000000000000e+03 6.540329999999999755e-02
6.821000000000000000e+03 6.725380000000000247e-02
6.822000000000000000e+03 6.910399999999999876e-02
6.823000000000000000e+03 7.097860000000000280e-02
6.824000000000000000e+03 7.285310000000000397e-02
6.825000000000000000e+03 7.470250000000000501e-02
6.826000000000000000e+03 7.656770000000000242e-02
6.827000000000000000e+03 7.845820000000000571e-02
6.828000000000000000e+03 8.034919999999999563e-02
6.829000000000000000e+03 8.221589999999999454e-02
6.830000000000000000e+03 8.408319999999999683e-02
6.831000000000000000e+03 8.595790000000000375e-02
6.832000000000000000e+03 8.783240000000000491e-02
6.833000000000000000e+03 8.968189999999999495e-02
6.834000000000000000e+03 9.153110000000000412e-02
6.835000000000000000e+03 9.340479999999999616e-02
6.836000000000000000e+03 9.527829999999999633e-02
6.837000000000000000e+03 9.712700000000000500e-02
6.838000000000000000e+03 9.897540000000000504e-02
6.839000000000000000e+03 1.008479999999999932e-01
6.840000000000000000e+03 1.027210000000000067e-01
6.841000000000000000e+03 1.045689999999999953e-01
6.842000000000000000e+03 1.064169999999999977e-01
6.843000000000000000e+03 1.082889999999999964e-01
6.844000000000000000e+03 1.101599999999999940e-01
6.845000000000000000e+03 1.120069999999999955e-01
6.846000000000000000e+03 1.138529999999999959e-01
6.847000000000000000e+03 1.157230000000000064e-01
6.848000000000000000e+03 1.175930000000000031e-01
6.849000000000000000e+03 1.194370000000000015e-01
6.850000000000000000e+03 1.212809999999999999e-01
6.851000000000000000e+03 1.231499999999999956e-01
6.852000000000000000e+03 1.250179999999999902e-01
6.853000000000000000e+03 1.268610000000000015e-01
6.854000000000000000e+03 1.287030000000000118e-01
6.855000000000000000e+03 1.305699999999999916e-01
6.856000000000000000e+03 1.322969999999999979e-01
6.857000000000000000e+03 1.339950000000000030e-01
6.858000000000000000e+03 1.356890000000000041e-01
6.859000000000000000e+03 1.374019999999999964e-01
6.860000000000000000e+03 1.391120000000000134e-01
6.861000000000000000e+03 1.396050000000000069e-01
6.862000000000000000e+03 1.400619999999999921e-01
6.863000000000000000e+03 1.404590000000000005e-01
6.864000000000000000e+03 1.408200000000000007e-01
6.865000000000000000e+03 1.411689999999999889e-01
6.866000000000000000e+03 1.393260000000000054e-01
6.867000000000000000e+03 1.373719999999999941e-01
6.868000000000000000e+03 1.353290000000000048e-01
6.869000000000000000e+03 1.332190000000000041e-01
6.870000000000000000e+03 1.310199999999999976e-01
6.871000000000000000e+03 1.307280000000000109e-01
6.872000000000000000e+03 1.303940000000000099e-01
6.873000000000000000e+03 1.300379999999999869e-01
6.874000000000000000e+03 1.296390000000000042e-01
6.875000000000000000e+03 1.291789999999999883e-01
6.876000000000000000e+03 1.328050000000000064e-01
6.877000000000000000e+03 1.364980000000000082e-01
6.878000000000000000e+03 1.402400000000000035e-01
6.879000000000000000e+03 1.440089999999999981e-01
6.880000000000000000e+03 1.478260000000000129e-01
6.881000000000000000e+03 1.513039999999999941e-01
6.882000000000000000e+03 1.548209999999999864e-01
6.883000000000000000e+03 1.583569999999999978e-01
6.884000000000000000e+03 1.619319999999999926e-01
6.885000000000000000e+03 1.655689999999999940e-01
6.886000000000000000e+03 1.666779999999999928e-01
6.887000000000000000e+03 1.677539999999999865e-01
6.888000000000000000e+03 1.688199999999999978e-01
6.889000000000000000e+03 1.698949999999999905e-01
6.890000000000000000e+03 1.709600000000000009e-01
6.891000000000000000e+03 1.725659999999999972e-01
6.892000000000000000e+03 1.741709999999999925e-01
6.893000000000000000e+03 1.757980000000000098e-01
6.894000000000000000e+03 1.774249999999999994e-01
6.895000000000000000e+03 1.790309999999999957e-01
6.896000000000000000e+03 1.814620000000000122e-01
6.897000000000000000e+03 1.839290000000000092e-01
6.898000000000000000e+03 1.864109999999999934e-01
6.899000000000000000e+03 1.888869999999999993e-01
6.900000000000000000e+03 1.913769999999999916e-01
6.901000000000000000e+03 1.937580000000000136e-01
6.902000000000000000e+03 1.961519999999999930e-01
6.903000000000000000e+03 1.985369999999999913e-01
6.904000000000000000e+03 2.009330000000000005e-01
6.905000000000000000e+03 2.033649999999999902e-01
6.906000000000000000e+03 2.059040000000000037e-01
6.907000000000000000e+03 2.084350000000000092e-01
6.908000000000000000e+03 2.109789999999999999e-01
6.909000000000000000e+03 2.135599999999999998e-01
6.910000000000000000e+03 2.161559999999999870e-01
6.911000000000000000e+03 2.185320000000000040e-01
6.912000000000000000e+03 2.209200000000000053e-01
6.913000000000000000e+03 2.232939999999999925e-01
6.914000000000000000e+03 2.256779999999999897e-01
6.915000000000000000e+03 2.280949999999999922e-01
6.916000000000000000e+03 2.304710000000000092e-01
6.917000000000000000e+03 2.328330000000000122e-01
6.918000000000000000e+03 2.352029999999999954e-01
6.919000000000000000e+03 2.376070000000000126e-01
6.920000000000000000e+03 2.400200000000000111e-01
6.921000000000000000e+03 2.423359999999999959e-01
6.922000000000000000e+03 2.446589999999999876e-01
6.923000000000000000e+03 2.470140000000000113e-01
6.924000000000000000e+03 2.493769999999999876e-01
6.925000000000000000e+03 2.517240000000000033e-01
6.926000000000000000e+03 2.539680000000000271e-01
6.927000000000000000e+03 2.562429999999999986e-01
6.928000000000000000e+03 2.585250000000000048e-01
6.929000000000000000e+03 2.607889999999999930e-01
6.930000000000000000e+03 2.630589999999999873e-01
6.931000000000000000e+03 2.650629999999999931e-01
6.932000000000000000e+03 2.670690000000000008e-01
6.933000000000000000e+03 2.690540000000000154e-01
6.934000000000000000e+03 2.710409999999999764e-01
6.935000000000000000e+03 2.730549999999999922e-01
6.936000000000000000e+03 2.748950000000000005e-01
6.937000000000000000e+03 2.767100000000000115e-01
6.938000000000000000e+03 2.785259999999999958e-01
6.939000000000000000e+03 2.803660000000000041e-01
6.940000000000000000e+03 2.822060000000000124e-01
6.941000000000000000e+03 2.840570000000000039e-01
6.942000000000000000e+03 2.859099999999999975e-01
6.943000000000000000e+03 2.877870000000000150e-01
6.944000000000000000e+03 2.896639999999999771e-01
6.945000000000000000e+03 2.915179999999999993e-01
6.946000000000000000e+03 2.935610000000000164e-01
6.947000000000000000e+03 2.956309999999999771e-01
6.948000000000000000e+03 2.977040000000000242e-01
6.949000000000000000e+03 2.997549999999999937e-01
6.950000000000000000e+03 3.018089999999999939e-01
6.951000000000000000e+03 3.037739999999999885e-01
6.952000000000000000e+03 3.057409999999999850e-01
6.953000000000000000e+03 3.076840000000000130e-01
6.954000000000000000e+03 3.096289999999999876e-01
6.955000000000000000e+03 3.115999999999999881e-01
6.956000000000000000e+03 3.134399999999999964e-01
6.957000000000000000e+03 3.152550000000000074e-01
6.958000000000000000e+03 3.170689999999999897e-01
6.959000000000000000e+03 3.189080000000000248e-01
6.960000000000000000e+03 3.207470000000000043e-01
6.961000000000000000e+03 3.229799999999999893e-01
6.962000000000000000e+03 3.252169999999999783e-01
6.963000000000000000e+03 3.274349999999999761e-01
6.964000000000000000e+03 3.296560000000000046e-01
6.965000000000000000e+03 3.319070000000000076e-01
6.966000000000000000e+03 3.342319999999999736e-01
6.967000000000000000e+03 3.365380000000000038e-01
6.968000000000000000e+03 3.388479999999999825e-01
6.969000000000000000e+03 3.411890000000000200e-01
6.970000000000000000e+03 3.435349999999999793e-01
6.971000000000000000e+03 3.454459999999999753e-01
6.972000000000000000e+03 3.473580000000000001e-01
6.973000000000000000e+03 3.492950000000000221e-01
6.974000000000000000e+03 3.512330000000000174e-01
6.975000000000000000e+03 3.531469999999999887e-01
6.976000000000000000e+03 3.549129999999999785e-01
6.977000000000000000e+03 3.567029999999999923e-01
6.978000000000000000e+03 3.584919999999999773e-01
6.979000000000000000e+03 3.602560000000000207e-01
6.980000000000000000e+03 3.620189999999999797e-01
6.981000000000000000e+03 3.636300000000000088e-01
6.982000000000000000e+03 3.652389999999999803e-01
6.983000000000000000e+03 3.668210000000000082e-01
6.984000000000000000e+03 3.684000000000000052e-01
6.985000000000000000e+03 3.700010000000000243e-01
6.986000000000000000e+03 3.714430000000000232e-01
6.987000000000000000e+03 3.728560000000000207e-01
6.988000000000000000e+03 3.742650000000000143e-01
6.989000000000000000e+03 3.756950000000000012e-01
6.990000000000000000e+03 3.771209999999999840e-01
6.991000000000000000e+03 3.789350000000000218e-01
6.992000000000000000e+03 3.807479999999999754e-01
6.993000000000000000e+03 3.825859999999999816e-01
6.994000000000000000e+03 3.844239999999999879e-01
6.995000000000000000e+03 3.862380000000000257e-01
6.996000000000000000e+03 3.882149999999999768e-01
6.997000000000000000e+03 3.902180000000000093e-01
6.998000000000000000e+03 3.922229999999999883e-01
6.999000000000000000e+03 3.942050000000000276e-01
7.000000000000000000e+03 3.961879999999999846e-01
7.001000000000000000e+03 3.980409999999999782e-01
7.002000000000000000e+03 3.998940000000000272e-01
7.003000000000000000e+03 4.017229999999999968e-01
7.004000000000000000e+03 4.035520000000000218e-01
7.005000000000000000e+03 4.054050000000000153e-01
7.006000000000000000e+03 4.072580000000000089e-01
7.007000000000000000e+03 4.090860000000000052e-01
7.008000000000000000e+03 4.109149999999999747e-01
7.009000000000000000e+03 4.127680000000000238e-01
7.010000000000000000e+03 4.146210000000000173e-01
7.011000000000000000e+03 4.164619999999999989e-01
7.012000000000000000e+03 4.183040000000000092e-01
7.013000000000000000e+03 4.201199999999999934e-01
7.014000000000000000e+03 4.219370000000000065e-01
7.015000000000000000e+03 4.237779999999999880e-01
7.016000000000000000e+03 4.257090000000000041e-01
7.017000000000000000e+03 4.273959999999999981e-01
7.018000000000000000e+03 4.290829999999999922e-01
7.019000000000000000e+03 4.300640000000000018e-01
7.020000000000000000e+03 4.310439999999999827e-01
7.021000000000000000e+03 4.319680000000000186e-01
7.022000000000000000e+03 4.328919999999999990e-01
7.023000000000000000e+03 4.338159999999999794e-01
7.024000000000000000e+03 4.347389999999999866e-01
7.025000000000000000e+03 4.356630000000000225e-01
7.026000000000000000e+03 4.367710000000000203e-01
7.027000000000000000e+03 4.378549999999999942e-01
7.028000000000000000e+03 4.389390000000000236e-01
7.029000000000000000e+03 4.400490000000000235e-01
7.030000000000000000e+03 4.411599999999999966e-01
7.031000000000000000e+03 4.424710000000000032e-01
7.032000000000000000e+03 4.437840000000000118e-01
7.033000000000000000e+03 4.450979999999999936e-01
7.034000000000000000e+03 4.464139999999999775e-01
7.035000000000000000e+03 4.477070000000000216e-01
7.036000000000000000e+03 4.486260000000000248e-01
7.037000000000000000e+03 4.495689999999999964e-01
7.038000000000000000e+03 4.505120000000000235e-01
7.039000000000000000e+03 4.514560000000000239e-01
7.040000000000000000e+03 4.523989999999999956e-01
7.041000000000000000e+03 4.533159999999999967e-01
7.042000000000000000e+03 4.542320000000000246e-01
7.043000000000000000e+03 4.551490000000000258e-01
7.044000000000000000e+03 4.560649999999999982e-01
7.045000000000000000e+03 4.569570000000000021e-01
7.046000000000000000e+03 4.578479999999999772e-01
7.047000000000000000e+03 4.587640000000000051e-01
7.048000000000000000e+03 4.596799999999999775e-01
7.049000000000000000e+03 4.605960000000000054e-01
7.050000000000000000e+03 4.615119999999999778e-01
7.051000000000000000e+03 4.624309999999999810e-01
7.052000000000000000e+03 4.633490000000000109e-01
7.053000000000000000e+03 4.635549999999999948e-01
7.054000000000000000e+03 4.637609999999999788e-01
7.055000000000000000e+03 4.637459999999999916e-01
7.056000000000000000e+03 4.638280000000000181e-01
7.057000000000000000e+03 4.639099999999999890e-01
7.058000000000000000e+03 4.639920000000000155e-01
7.059000000000000000e+03 4.640739999999999865e-01
7.060000000000000000e+03 4.641560000000000130e-01
7.061000000000000000e+03 4.642419999999999880e-01
7.062000000000000000e+03 4.643269999999999897e-01
7.063000000000000000e+03 4.644130000000000202e-01
7.064000000000000000e+03 4.644989999999999952e-01
7.065000000000000000e+03 4.645850000000000257e-01
7.066000000000000000e+03 4.646710000000000007e-01
7.067000000000000000e+03 4.647569999999999757e-01
7.068000000000000000e+03 4.648430000000000062e-01
7.069000000000000000e+03 4.649289999999999812e-01
7.070000000000000000e+03 4.650150000000000117e-01
7.071000000000000000e+03 4.649920000000000164e-01
7.072000000000000000e+03 4.649699999999999944e-01
7.073000000000000000e+03 4.649479999999999724e-01
7.074000000000000000e+03 4.649260000000000059e-01
7.075000000000000000e+03 4.649039999999999839e-01
7.076000000000000000e+03 4.648820000000000174e-01
7.077000000000000000e+03 4.648599999999999954e-01
7.078000000000000000e+03 4.648370000000000002e-01
7.079000000000000000e+03 4.648149999999999782e-01
7.080000000000000000e+03 4.647930000000000117e-01
7.081000000000000000e+03 4.648880000000000234e-01
7.082000000000000000e+03 4.649820000000000064e-01
7.083000000000000000e+03 4.650770000000000182e-01
7.084000000000000000e+03 4.651719999999999744e-01
7.085000000000000000e+03 4.652660000000000129e-01
7.086000000000000000e+03 4.653610000000000246e-01
7.087000000000000000e+03 4.654559999999999809e-01
7.088000000000000000e+03 4.655500000000000194e-01
7.089000000000000000e+03 4.656449999999999756e-01
7.090000000000000000e+03 4.657390000000000141e-01
7.091000000000000000e+03 4.657359999999999833e-01
7.092000000000000000e+03 4.657319999999999793e-01
7.093000000000000000e+03 4.657279999999999753e-01
7.094000000000000000e+03 4.657250000000000001e-01
7.095000000000000000e+03 4.657209999999999961e-01
7.096000000000000000e+03 4.657169999999999921e-01
7.097000000000000000e+03 4.657140000000000168e-01
7.098000000000000000e+03 4.657100000000000128e-01
7.099000000000000000e+03 4.657060000000000088e-01
7.100000000000000000e+03 4.657029999999999781e-01
7.101000000000000000e+03 4.656839999999999868e-01
7.102000000000000000e+03 4.656649999999999956e-01
7.103000000000000000e+03 4.656469999999999776e-01
7.104000000000000000e+03 4.656279999999999863e-01
7.105000000000000000e+03 4.656089999999999951e-01
7.106000000000000000e+03 4.655909999999999771e-01
7.107000000000000000e+03 4.655719999999999859e-01
7.108000000000000000e+03 4.655540000000000234e-01
7.109000000000000000e+03 4.655349999999999766e-01
7.110000000000000000e+03 4.655159999999999854e-01
7.111000000000000000e+03 4.656319999999999903e-01
7.112000000000000000e+03 4.657470000000000221e-01
7.113000000000000000e+03 4.658619999999999983e-01
7.114000000000000000e+03 4.659780000000000033e-01
7.115000000000000000e+03 4.660929999999999795e-01
7.116000000000000000e+03 4.662089999999999845e-01
7.117000000000000000e+03 4.663240000000000163e-01
7.118000000000000000e+03 4.664389999999999925e-01
7.119000000000000000e+03 4.665549999999999975e-01
7.120000000000000000e+03 4.666699999999999737e-01
7.121000000000000000e+03 4.665340000000000042e-01
7.122000000000000000e+03 4.663970000000000060e-01
7.123000000000000000e+03 4.662609999999999810e-01
7.124000000000000000e+03 4.661239999999999828e-01
7.125000000000000000e+03 4.659880000000000133e-01
7.126000000000000000e+03 4.659479999999999733e-01
7.127000000000000000e+03 4.659090000000000176e-01
7.128000000000000000e+03 4.658700000000000063e-01
7.129000000000000000e+03 4.658300000000000218e-01
7.130000000000000000e+03 4.657910000000000106e-01
7.131000000000000000e+03 4.657859999999999778e-01
7.132000000000000000e+03 4.657819999999999738e-01
7.133000000000000000e+03 4.657769999999999966e-01
7.134000000000000000e+03 4.657729999999999926e-01
7.135000000000000000e+03 4.657680000000000153e-01
7.136000000000000000e+03 4.657640000000000113e-01
7.137000000000000000e+03 4.657600000000000073e-01
7.138000000000000000e+03 4.657569999999999766e-01
7.139000000000000000e+03 4.657529999999999726e-01
7.140000000000000000e+03 4.657499999999999973e-01
7.141000000000000000e+03 4.656489999999999796e-01
7.142000000000000000e+03 4.655480000000000174e-01
7.143000000000000000e+03 4.654460000000000264e-01
7.144000000000000000e+03 4.653439999999999799e-01
7.145000000000000000e+03 4.652410000000000156e-01
7.146000000000000000e+03 4.651370000000000227e-01
7.147000000000000000e+03 4.650320000000000009e-01
7.148000000000000000e+03 4.649260000000000059e-01
7.149000000000000000e+03 4.648189999999999822e-01
7.150000000000000000e+03 4.647109999999999852e-01
7.151000000000000000e+03 4.645880000000000010e-01
7.152000000000000000e+03 4.644630000000000147e-01
7.153000000000000000e+03 4.643379999999999730e-01
7.154000000000000000e+03 4.642120000000000135e-01
7.155000000000000000e+03 4.640850000000000253e-01
7.156000000000000000e+03 4.638599999999999945e-01
7.157000000000000000e+03 4.636339999999999906e-01
7.158000000000000000e+03 4.634079999999999866e-01
7.159000000000000000e+03 4.631810000000000094e-01
7.160000000000000000e+03 4.629539999999999766e-01
7.161000000000000000e+03 4.620589999999999975e-01
7.162000000000000000e+03 4.611649999999999916e-01
7.163000000000000000e+03 4.602709999999999857e-01
7.164000000000000000e+03 4.593760000000000066e-01
7.165000000000000000e+03 4.584829999999999739e-01
7.166000000000000000e+03 4.565250000000000141e-01
7.167000000000000000e+03 4.545669999999999988e-01
7.168000000000000000e+03 4.526089999999999836e-01
7.169000000000000000e+03 4.506519999999999970e-01
7.170000000000000000e+03 4.486939999999999817e-01
7.171000000000000000e+03 4.468420000000000170e-01
7.172000000000000000e+03 4.449910000000000254e-01
7.173000000000000000e+03 4.431390000000000051e-01
7.174000000000000000e+03 4.412869999999999848e-01
7.175000000000000000e+03 4.394359999999999933e-01
7.176000000000000000e+03 4.386490000000000111e-01
7.177000000000000000e+03 4.378630000000000022e-01
7.178000000000000000e+03 4.370760000000000201e-01
7.179000000000000000e+03 4.362889999999999824e-01
7.180000000000000000e+03 4.355029999999999735e-01
7.181000000000000000e+03 4.341149999999999731e-01
7.182000000000000000e+03 4.327280000000000015e-01
7.183000000000000000e+03 4.313400000000000012e-01
7.184000000000000000e+03 4.299529999999999741e-01
7.185000000000000000e+03 4.285660000000000025e-01
7.186000000000000000e+03 4.276630000000000154e-01
7.187000000000000000e+03 4.267610000000000015e-01
7.188000000000000000e+03 4.258580000000000143e-01
7.189000000000000000e+03 4.249560000000000004e-01
7.190000000000000000e+03 4.240539999999999865e-01
7.191000000000000000e+03 4.241110000000000158e-01
7.192000000000000000e+03 4.241679999999999895e-01
7.193000000000000000e+03 4.242239999999999900e-01
7.194000000000000000e+03 4.242810000000000192e-01
7.195000000000000000e+03 4.243370000000000197e-01
7.196000000000000000e+03 4.245860000000000190e-01
7.197000000000000000e+03 4.248350000000000182e-01
7.198000000000000000e+03 4.250829999999999886e-01
7.199000000000000000e+03 4.253310000000000146e-01
7.200000000000000000e+03 4.255789999999999851e-01
7.201000000000000000e+03 4.265229999999999855e-01
7.202000000000000000e+03 4.274669999999999859e-01
7.203000000000000000e+03 4.284109999999999863e-01
7.204000000000000000e+03 4.293549999999999867e-01
7.205000000000000000e+03 4.302989999999999871e-01
7.206000000000000000e+03 4.326909999999999923e-01
7.207000000000000000e+03 4.350829999999999975e-01
7.208000000000000000e+03 4.374750000000000028e-01
7.209000000000000000e+03 4.398670000000000080e-01
7.210000000000000000e+03 4.422579999999999845e-01
7.211000000000000000e+03 4.445620000000000127e-01
7.212000000000000000e+03 4.468650000000000122e-01
7.213000000000000000e+03 4.491689999999999849e-01
7.214000000000000000e+03 4.514730000000000132e-01
7.215000000000000000e+03 4.537769999999999859e-01
7.216000000000000000e+03 4.545370000000000243e-01
7.217000000000000000e+03 4.552970000000000073e-01
7.218000000000000000e+03 4.560569999999999902e-01
7.219000000000000000e+03 4.568180000000000018e-01
7.220000000000000000e+03 4.575790000000000135e-01
7.221000000000000000e+03 4.573590000000000155e-01
7.222000000000000000e+03 4.571399999999999908e-01
7.223000000000000000e+03 4.569199999999999928e-01
7.224000000000000000e+03 4.567010000000000236e-01
7.225000000000000000e+03 4.564799999999999969e-01
7.226000000000000000e+03 4.549090000000000078e-01
7.227000000000000000e+03 4.533369999999999900e-01
7.228000000000000000e+03 4.517639999999999989e-01
7.229000000000000000e+03 4.501919999999999811e-01
7.230000000000000000e+03 4.486200000000000188e-01
7.231000000000000000e+03 4.462570000000000148e-01
7.232000000000000000e+03 4.438960000000000128e-01
7.233000000000000000e+03 4.415339999999999820e-01
7.234000000000000000e+03 4.391729999999999801e-01
7.235000000000000000e+03 4.368119999999999781e-01
7.236000000000000000e+03 4.364770000000000039e-01
7.237000000000000000e+03 4.361400000000000277e-01
7.238000000000000000e+03 4.358040000000000247e-01
7.239000000000000000e+03 4.354680000000000217e-01
7.240000000000000000e+03 4.351329999999999920e-01
7.241000000000000000e+03 4.352960000000000163e-01
7.242000000000000000e+03 4.354609999999999870e-01
7.243000000000000000e+03 4.356260000000000132e-01
7.244000000000000000e+03 4.357920000000000127e-01
7.245000000000000000e+03 4.359589999999999854e-01
7.246000000000000000e+03 4.363210000000000144e-01
7.247000000000000000e+03 4.366829999999999878e-01
7.248000000000000000e+03 4.370459999999999900e-01
7.249000000000000000e+03 4.374109999999999943e-01
7.250000000000000000e+03 4.377759999999999985e-01
7.251000000000000000e+03 4.381519999999999859e-01
7.252000000000000000e+03 4.385290000000000021e-01
7.253000000000000000e+03 4.389069999999999916e-01
7.254000000000000000e+03 4.392849999999999810e-01
7.255000000000000000e+03 4.396649999999999725e-01
7.256000000000000000e+03 4.404299999999999882e-01
7.257000000000000000e+03 4.411959999999999771e-01
7.258000000000000000e+03 4.419620000000000215e-01
7.259000000000000000e+03 4.427289999999999837e-01
7.260000000000000000e+03 4.434969999999999746e-01
7.261000000000000000e+03 4.434939999999999993e-01
7.262000000000000000e+03 4.434910000000000241e-01
7.263000000000000000e+03 4.434890000000000221e-01
7.264000000000000000e+03 4.434859999999999913e-01
7.265000000000000000e+03 4.434830000000000161e-01
7.266000000000000000e+03 4.433819999999999983e-01
7.267000000000000000e+03 4.432820000000000094e-01
7.268000000000000000e+03 4.431820000000000204e-01
7.269000000000000000e+03 4.430819999999999759e-01
7.270000000000000000e+03 4.429819999999999869e-01
7.271000000000000000e+03 4.421010000000000217e-01
7.272000000000000000e+03 4.412189999999999723e-01
7.273000000000000000e+03 4.403380000000000072e-01
7.274000000000000000e+03 4.394569999999999865e-01
7.275000000000000000e+03 4.385749999999999926e-01
7.276000000000000000e+03 4.384649999999999936e-01
7.277000000000000000e+03 4.383540000000000214e-01
7.278000000000000000e+03 4.382429999999999937e-01
7.279000000000000000e+03 4.381320000000000214e-01
7.280000000000000000e+03 4.380209999999999937e-01
7.281000000000000000e+03 4.395519999999999983e-01
7.282000000000000000e+03 4.410830000000000028e-01
7.283000000000000000e+03 4.426140000000000074e-01
7.284000000000000000e+03 4.441450000000000120e-01
7.285000000000000000e+03 4.456760000000000166e-01
7.286000000000000000e+03 4.454730000000000079e-01
7.287000000000000000e+03 4.452699999999999991e-01
7.288000000000000000e+03 4.450669999999999904e-01
7.289000000000000000e+03 4.448639999999999817e-01
7.290000000000000000e+03 4.446620000000000017e-01
7.291000000000000000e+03 4.449560000000000182e-01
7.292000000000000000e+03 4.452499999999999791e-01
7.293000000000000000e+03 4.455459999999999976e-01
7.294000000000000000e+03 4.458420000000000161e-01
7.295000000000000000e+03 4.461379999999999790e-01
7.296000000000000000e+03 4.468199999999999950e-01
7.297000000000000000e+03 4.475029999999999841e-01
7.298000000000000000e+03 4.481870000000000021e-01
7.299000000000000000e+03 4.488719999999999932e-01
7.300000000000000000e+03 4.495580000000000132e-01
7.301000000000000000e+03 4.492399999999999727e-01
7.302000000000000000e+03 4.489219999999999877e-01
7.303000000000000000e+03 4.486049999999999760e-01
7.304000000000000000e+03 4.482900000000000218e-01
7.305000000000000000e+03 4.479759999999999853e-01
7.306000000000000000e+03 4.479520000000000168e-01
7.307000000000000000e+03 4.479290000000000216e-01
7.308000000000000000e+03 4.479069999999999996e-01
7.309000000000000000e+03 4.478860000000000063e-01
7.310000000000000000e+03 4.478650000000000131e-01
7.311000000000000000e+03 4.481589999999999741e-01
7.312000000000000000e+03 4.484540000000000193e-01
7.313000000000000000e+03 4.487479999999999802e-01
7.314000000000000000e+03 4.490419999999999967e-01
7.315000000000000000e+03 4.493360000000000132e-01
7.316000000000000000e+03 4.500149999999999983e-01
7.317000000000000000e+03 4.506930000000000103e-01
7.318000000000000000e+03 4.513710000000000222e-01
7.319000000000000000e+03 4.520489999999999786e-01
7.320000000000000000e+03 4.527269999999999905e-01
7.321000000000000000e+03 4.537869999999999959e-01
7.322000000000000000e+03 4.548470000000000013e-01
7.323000000000000000e+03 4.559070000000000067e-01
7.324000000000000000e+03 4.569659999999999833e-01
7.325000000000000000e+03 4.580239999999999867e-01
7.326000000000000000e+03 4.585049999999999959e-01
7.327000000000000000e+03 4.589849999999999763e-01
7.328000000000000000e+03 4.594650000000000123e-01
7.329000000000000000e+03 4.599449999999999927e-01
7.330000000000000000e+03 4.604249999999999732e-01
7.331000000000000000e+03 4.604340000000000099e-01
7.332000000000000000e+03 4.604440000000000199e-01
7.333000000000000000e+03 4.604530000000000012e-01
7.334000000000000000e+03 4.604630000000000112e-01
7.335000000000000000e+03 4.604730000000000212e-01
7.336000000000000000e+03 4.607740000000000169e-01
7.337000000000000000e+03 4.610750000000000126e-01
7.338000000000000000e+03 4.613760000000000083e-01
7.339000000000000000e+03 4.616779999999999773e-01
7.340000000000000000e+03 4.619800000000000018e-01
7.341000000000000000e+03 4.620719999999999827e-01
7.342000000000000000e+03 4.621629999999999905e-01
7.343000000000000000e+03 4.622539999999999982e-01
7.344000000000000000e+03 4.623450000000000060e-01
7.345000000000000000e+03 4.624340000000000117e-01
7.346000000000000000e+03 4.623309999999999920e-01
7.347000000000000000e+03 4.622260000000000257e-01
7.348000000000000000e+03 4.621210000000000040e-01
7.349000000000000000e+03 4.620139999999999803e-01
7.350000000000000000e+03 4.619059999999999833e-01
7.351000000000000000e+03 4.620020000000000238e-01
7.352000000000000000e+03 4.620969999999999800e-01
7.353000000000000000e+03 4.621899999999999897e-01
7.354000000000000000e+03 4.622820000000000262e-01
7.355000000000000000e+03 4.623729999999999785e-01
7.356000000000000000e+03 4.622700000000000142e-01
7.357000000000000000e+03 4.621660000000000212e-01
7.358000000000000000e+03 4.620609999999999995e-01
7.359000000000000000e+03 4.619559999999999778e-01
7.360000000000000000e+03 4.618499999999999828e-01
7.361000000000000000e+03 4.617370000000000085e-01
7.362000000000000000e+03 4.616239999999999788e-01
7.363000000000000000e+03 4.615110000000000046e-01
7.364000000000000000e+03 4.613979999999999748e-01
7.365000000000000000e+03 4.612850000000000006e-01
7.366000000000000000e+03 4.613659999999999983e-01
7.367000000000000000e+03 4.614469999999999961e-01
7.368000000000000000e+03 4.615279999999999938e-01
7.369000000000000000e+03 4.616080000000000183e-01
7.370000000000000000e+03 4.616890000000000160e-01
7.371000000000000000e+03 4.619650000000000145e-01
7.372000000000000000e+03 4.622410000000000130e-01
7.373000000000000000e+03 4.625170000000000115e-01
7.374000000000000000e+03 4.627930000000000099e-01
7.375000000000000000e+03 4.630690000000000084e-01
7.376000000000000000e+03 4.632490000000000219e-01
7.377000000000000000e+03 4.634289999999999798e-01
7.378000000000000000e+03 4.636080000000000201e-01
7.379000000000000000e+03 4.637879999999999781e-01
7.380000000000000000e+03 4.639679999999999915e-01
7.381000000000000000e+03 4.639559999999999795e-01
7.382000000000000000e+03 4.639440000000000230e-01
7.383000000000000000e+03 4.639320000000000110e-01
7.384000000000000000e+03 4.639199999999999990e-01
7.385000000000000000e+03 4.639090000000000158e-01
7.386000000000000000e+03 4.639929999999999888e-01
7.387000000000000000e+03 4.640770000000000173e-01
7.388000000000000000e+03 4.641609999999999903e-01
7.389000000000000000e+03 4.642459999999999920e-01
7.390000000000000000e+03 4.643300000000000205e-01
7.391000000000000000e+03 4.643149999999999777e-01
7.392000000000000000e+03 4.643010000000000193e-01
7.393000000000000000e+03 4.642859999999999765e-01
7.394000000000000000e+03 4.642720000000000180e-01
7.395000000000000000e+03 4.642580000000000040e-01
7.396000000000000000e+03 4.643390000000000017e-01
7.397000000000000000e+03 4.644209999999999727e-01
7.398000000000000000e+03 4.645029999999999992e-01
7.399000000000000000e+03 4.645839999999999970e-01
7.400000000000000000e+03 4.646660000000000235e-01
7.401000000000000000e+03 4.647549999999999737e-01
7.402000000000000000e+03 4.648450000000000082e-01
7.403000000000000000e+03 4.649340000000000139e-01
7.404000000000000000e+03 4.650230000000000197e-01
7.405000000000000000e+03 4.651129999999999987e-01
7.406000000000000000e+03 4.652020000000000044e-01
7.407000000000000000e+03 4.652910000000000101e-01
7.408000000000000000e+03 4.653809999999999891e-01
7.409000000000000000e+03 4.654699999999999949e-01
7.410000000000000000e+03 4.655590000000000006e-01
7.411000000000000000e+03 4.655420000000000114e-01
7.412000000000000000e+03 4.655239999999999934e-01
7.413000000000000000e+03 4.655070000000000041e-01
7.414000000000000000e+03 4.654900000000000149e-01
7.415000000000000000e+03 4.654719999999999969e-01
7.416000000000000000e+03 4.655509999999999926e-01
7.417000000000000000e+03 4.656290000000000151e-01
7.418000000000000000e+03 4.657080000000000108e-01
7.419000000000000000e+03 4.657870000000000066e-01
7.420000000000000000e+03 4.658649999999999736e-01
7.421000000000000000e+03 4.658370000000000011e-01
7.422000000000000000e+03 4.658079999999999998e-01
7.423000000000000000e+03 4.657789999999999986e-01
7.424000000000000000e+03 4.657510000000000261e-01
7.425000000000000000e+03 4.657220000000000248e-01
7.426000000000000000e+03 4.656939999999999968e-01
7.427000000000000000e+03 4.656649999999999956e-01
7.428000000000000000e+03 4.656359999999999943e-01
7.429000000000000000e+03 4.656080000000000219e-01
7.430000000000000000e+03 4.655790000000000206e-01
7.431000000000000000e+03 4.656669999999999976e-01
7.432000000000000000e+03 4.657540000000000013e-01
7.433000000000000000e+03 4.658410000000000051e-01
7.434000000000000000e+03 4.659280000000000088e-01
7.435000000000000000e+03 4.660159999999999858e-01
7.436000000000000000e+03 4.660070000000000046e-01
7.437000000000000000e+03 4.659980000000000233e-01
7.438000000000000000e+03 4.659889999999999866e-01
7.439000000000000000e+03 4.659809999999999786e-01
7.440000000000000000e+03 4.659719999999999973e-01
7.441000000000000000e+03 4.659530000000000061e-01
7.442000000000000000e+03 4.659340000000000148e-01
7.443000000000000000e+03 4.659139999999999948e-01
7.444000000000000000e+03 4.658950000000000036e-01
7.445000000000000000e+03 4.658760000000000123e-01
7.446000000000000000e+03 4.658570000000000211e-01
7.447000000000000000e+03 4.658370000000000011e-01
7.448000000000000000e+03 4.658180000000000098e-01
7.449000000000000000e+03 4.657990000000000186e-01
7.450000000000000000e+03 4.657789999999999986e-01
7.451000000000000000e+03 4.657689999999999886e-01
7.452000000000000000e+03 4.657580000000000053e-01
7.453000000000000000e+03 4.657470000000000221e-01
7.454000000000000000e+03 4.657359999999999833e-01
7.455000000000000000e+03 4.657250000000000001e-01
7.456000000000000000e+03 4.657140000000000168e-01
7.457000000000000000e+03 4.657029999999999781e-01
7.458000000000000000e+03 4.656919999999999948e-01
7.459000000000000000e+03 4.656810000000000116e-01
7.460000000000000000e+03 4.656699999999999728e-01
7.461000000000000000e+03 4.656339999999999923e-01
7.462000000000000000e+03 4.655980000000000119e-01
7.463000000000000000e+03 4.655619999999999759e-01
7.464000000000000000e+03 4.655259999999999954e-01
7.465000000000000000e+03 4.654900000000000149e-01
7.466000000000000000e+03 4.654539999999999789e-01
7.467000000000000000e+03 4.654179999999999984e-01
7.468000000000000000e+03 4.653809999999999891e-01
7.469000000000000000e+03 4.653450000000000086e-01
7.470000000000000000e+03 4.653089999999999726e-01
7.471000000000000000e+03 4.654099999999999904e-01
7.472000000000000000e+03 4.655110000000000081e-01
7.473000000000000000e+03 4.656109999999999971e-01
7.474000000000000000e+03 4.657120000000000148e-01
7.475000000000000000e+03 4.658129999999999771e-01
7.476000000000000000e+03 4.658169999999999811e-01
7.477000000000000000e+03 4.658220000000000138e-01
7.478000000000000000e+03 4.658269999999999911e-01
7.479000000000000000e+03 4.658320000000000238e-01
7.480000000000000000e+03 4.658370000000000011e-01
7.481000000000000000e+03 4.657959999999999878e-01
7.482000000000000000e+03 4.657560000000000033e-01
7.483000000000000000e+03 4.657149999999999901e-01
7.484000000000000000e+03 4.656750000000000056e-01
7.485000000000000000e+03 4.656350000000000211e-01
7.486000000000000000e+03 4.655940000000000079e-01
7.487000000000000000e+03 4.655540000000000234e-01
7.488000000000000000e+03 4.655139999999999834e-01
7.489000000000000000e+03 4.654730000000000256e-01
7.490000000000000000e+03 4.654329999999999856e-01
7.491000000000000000e+03 4.654349999999999876e-01
7.492000000000000000e+03 4.654380000000000184e-01
7.493000000000000000e+03 4.654400000000000204e-01
7.494000000000000000e+03 4.654420000000000224e-01
7.495000000000000000e+03 4.654449999999999976e-01
7.496000000000000000e+03 4.654469999999999996e-01
7.497000000000000000e+03 4.654490000000000016e-01
7.498000000000000000e+03 4.654519999999999769e-01
7.499000000000000000e+03 4.654539999999999789e-01
7.500000000000000000e+03 4.654570000000000096e-01
7.501000000000000000e+03 4.654260000000000064e-01
7.502000000000000000e+03 4.653950000000000031e-01
7.503000000000000000e+03 4.653639999999999999e-01
7.504000000000000000e+03 4.653329999999999966e-01
7.505000000000000000e+03 4.653019999999999934e-01
7.506000000000000000e+03 4.653660000000000019e-01
7.507000000000000000e+03 4.654309999999999836e-01
7.508000000000000000e+03 4.654960000000000209e-01
7.509000000000000000e+03 4.655610000000000026e-01
7.510000000000000000e+03 4.656250000000000111e-01
7.511000000000000000e+03 4.656120000000000259e-01
7.512000000000000000e+03 4.655989999999999851e-01
7.513000000000000000e+03 4.655850000000000266e-01
7.514000000000000000e+03 4.655719999999999859e-01
7.515000000000000000e+03 4.655590000000000006e-01
7.516000000000000000e+03 4.655449999999999866e-01
7.517000000000000000e+03 4.655320000000000014e-01
7.518000000000000000e+03 4.655190000000000161e-01
7.519000000000000000e+03 4.655050000000000021e-01
7.520000000000000000e+03 4.654920000000000169e-01
7.521000000000000000e+03 4.654769999999999741e-01
7.522000000000000000e+03 4.654630000000000156e-01
7.523000000000000000e+03 4.654479999999999729e-01
7.524000000000000000e+03 4.654329999999999856e-01
7.525000000000000000e+03 4.654179999999999984e-01
7.526000000000000000e+03 4.654039999999999844e-01
7.527000000000000000e+03 4.653889999999999971e-01
7.528000000000000000e+03 4.653740000000000099e-01
7.529000000000000000e+03 4.653590000000000226e-01
7.530000000000000000e+03 4.653450000000000086e-01
7.531000000000000000e+03 4.653999999999999804e-01
7.532000000000000000e+03 4.654550000000000076e-01
7.533000000000000000e+03 4.655090000000000061e-01
7.534000000000000000e+03 4.655639999999999779e-01
7.535000000000000000e+03 4.656190000000000051e-01
7.536000000000000000e+03 4.655779999999999919e-01
7.537000000000000000e+03 4.655360000000000054e-01
7.538000000000000000e+03 4.654940000000000189e-01
7.539000000000000000e+03 4.654519999999999769e-01
7.540000000000000000e+03 4.654110000000000191e-01
7.541000000000000000e+03 4.653749999999999831e-01
7.542000000000000000e+03 4.653399999999999759e-01
7.543000000000000000e+03 4.653050000000000241e-01
7.544000000000000000e+03 4.652709999999999901e-01
7.545000000000000000e+03 4.652370000000000116e-01
7.546000000000000000e+03 4.652049999999999796e-01
7.547000000000000000e+03 4.651730000000000032e-01
7.548000000000000000e+03 4.651429999999999731e-01
7.549000000000000000e+03 4.651129999999999987e-01
7.550000000000000000e+03 4.650839999999999974e-01
7.551000000000000000e+03 4.650460000000000149e-01
7.552000000000000000e+03 4.650090000000000057e-01
7.553000000000000000e+03 4.649719999999999964e-01
7.554000000000000000e+03 4.649369999999999892e-01
7.555000000000000000e+03 4.649019999999999819e-01
7.556000000000000000e+03 4.648689999999999767e-01
7.557000000000000000e+03 4.648360000000000269e-01
7.558000000000000000e+03 4.648030000000000217e-01
7.559000000000000000e+03 4.647720000000000184e-01
7.560000000000000000e+03 4.647410000000000152e-01
7.561000000000000000e+03 4.647459999999999924e-01
7.562000000000000000e+03 4.647519999999999984e-01
7.563000000000000000e+03 4.647580000000000044e-01
7.564000000000000000e+03 4.647640000000000104e-01
7.565000000000000000e+03 4.647689999999999877e-01
7.566000000000000000e+03 4.648700000000000054e-01
7.567000000000000000e+03 4.649699999999999944e-01
7.568000000000000000e+03 4.650699999999999834e-01
7.569000000000000000e+03 4.651699999999999724e-01
7.570000000000000000e+03 4.652700000000000169e-01
7.571000000000000000e+03 4.652600000000000069e-01
7.572000000000000000e+03 4.652499999999999969e-01
7.573000000000000000e+03 4.652399999999999869e-01
7.574000000000000000e+03 4.652299999999999769e-01
7.575000000000000000e+03 4.652189999999999936e-01
7.576000000000000000e+03 4.652089999999999836e-01
7.577000000000000000e+03 4.651989999999999736e-01
7.578000000000000000e+03 4.651890000000000192e-01
7.579000000000000000e+03 4.651779999999999804e-01
7.580000000000000000e+03 4.651680000000000259e-01
7.581000000000000000e+03 4.647819999999999729e-01
7.582000000000000000e+03 4.643950000000000022e-01
7.583000000000000000e+03 4.640079999999999760e-01
7.584000000000000000e+03 4.636219999999999786e-01
7.585000000000000000e+03 4.632350000000000079e-01
7.586000000000000000e+03 4.589369999999999838e-01
7.587000000000000000e+03 4.546390000000000153e-01
7.588000000000000000e+03 4.503420000000000201e-01
7.589000000000000000e+03 4.460450000000000248e-01
7.590000000000000000e+03 4.417479999999999740e-01
7.591000000000000000e+03 4.245610000000000217e-01
7.592000000000000000e+03 4.073760000000000159e-01
7.593000000000000000e+03 3.901910000000000101e-01
7.594000000000000000e+03 3.730060000000000042e-01
7.595000000000000000e+03 3.558220000000000272e-01
7.596000000000000000e+03 3.307209999999999872e-01
7.597000000000000000e+03 3.056220000000000048e-01
7.598000000000000000e+03 2.805230000000000223e-01
7.599000000000000000e+03 2.554259999999999864e-01
7.600000000000000000e+03 2.303310000000000080e-01
7.601000000000000000e+03 2.169729999999999992e-01
7.602000000000000000e+03 2.036149999999999904e-01
7.603000000000000000e+03 1.902580000000000104e-01
7.604000000000000000e+03 1.769010000000000027e-01
7.605000000000000000e+03 1.635439999999999949e-01
7.606000000000000000e+03 1.649690000000000045e-01
7.607000000000000000e+03 1.663930000000000131e-01
7.608000000000000000e+03 1.678169999999999940e-01
7.609000000000000000e+03 1.692410000000000025e-01
7.610000000000000000e+03 1.706640000000000101e-01
7.611000000000000000e+03 1.841849999999999876e-01
7.612000000000000000e+03 1.977039999999999909e-01
7.613000000000000000e+03 2.112199999999999911e-01
7.614000000000000000e+03 2.247339999999999893e-01
7.615000000000000000e+03 2.382460000000000133e-01
7.616000000000000000e+03 2.524219999999999797e-01
7.617000000000000000e+03 2.665959999999999996e-01
7.618000000000000000e+03 2.807669999999999888e-01
7.619000000000000000e+03 2.949359999999999760e-01
7.620000000000000000e+03 3.091019999999999879e-01
7.621000000000000000e+03 3.070930000000000049e-01
7.622000000000000000e+03 3.050849999999999951e-01
7.623000000000000000e+03 3.030769999999999853e-01
7.624000000000000000e+03 3.010689999999999755e-01
7.625000000000000000e+03 2.990610000000000213e-01
7.626000000000000000e+03 2.914349999999999996e-01
7.627000000000000000e+03 2.838080000000000047e-01
7.628000000000000000e+03 2.761819999999999831e-01
7.629000000000000000e+03 2.685560000000000169e-01
7.630000000000000000e+03 2.609310000000000240e-01
7.631000000000000000e+03 2.610020000000000118e-01
7.632000000000000000e+03 2.610720000000000263e-01
7.633000000000000000e+03 2.611430000000000140e-01
7.634000000000000000e+03 2.612140000000000017e-01
7.635000000000000000e+03 2.612840000000000162e-01
7.636000000000000000e+03 2.655429999999999735e-01
7.637000000000000000e+03 2.697999999999999843e-01
7.638000000000000000e+03 2.740569999999999951e-01
7.639000000000000000e+03 2.783129999999999771e-01
7.640000000000000000e+03 2.825679999999999858e-01
7.641000000000000000e+03 2.876870000000000260e-01
7.642000000000000000e+03 2.928049999999999820e-01
7.643000000000000000e+03 2.979220000000000201e-01
7.644000000000000000e+03 3.030390000000000028e-01
7.645000000000000000e+03 3.081539999999999835e-01
7.646000000000000000e+03 3.142209999999999726e-01
7.647000000000000000e+03 3.202860000000000151e-01
7.648000000000000000e+03 3.263510000000000022e-01
7.649000000000000000e+03 3.324150000000000160e-01
7.650000000000000000e+03 3.384780000000000011e-01
7.651000000000000000e+03 3.438950000000000062e-01
7.652000000000000000e+03 3.493120000000000114e-01
7.653000000000000000e+03 3.547290000000000165e-01
7.654000000000000000e+03 3.601460000000000217e-01
7.655000000000000000e+03 3.655630000000000268e-01
7.656000000000000000e+03 3.698400000000000021e-01
7.657000000000000000e+03 3.741160000000000041e-01
7.658000000000000000e+03 3.783920000000000061e-01
7.659000000000000000e+03 3.826669999999999794e-01
7.660000000000000000e+03 3.869429999999999814e-01
7.661000000000000000e+03 3.905910000000000215e-01
7.662000000000000000e+03 3.942370000000000041e-01
7.663000000000000000e+03 3.978829999999999867e-01
7.664000000000000000e+03 4.015270000000000228e-01
7.665000000000000000e+03 4.051699999999999746e-01
7.666000000000000000e+03 4.090019999999999767e-01
7.667000000000000000e+03 4.128319999999999768e-01
7.668000000000000000e+03 4.166619999999999768e-01
7.669000000000000000e+03 4.204899999999999749e-01
7.670000000000000000e+03 4.243169999999999997e-01
7.671000000000000000e+03 4.268509999999999804e-01
7.672000000000000000e+03 4.293839999999999879e-01
7.673000000000000000e+03 4.319169999999999954e-01
7.674000000000000000e+03 4.344500000000000028e-01
7.675000000000000000e+03 4.369819999999999816e-01
7.676000000000000000e+03 4.383759999999999879e-01
7.677000000000000000e+03 4.397690000000000210e-01
7.678000000000000000e+03 4.411619999999999986e-01
7.679000000000000000e+03 4.425540000000000029e-01
7.680000000000000000e+03 4.439469999999999805e-01
7.681000000000000000e+03 4.449049999999999949e-01
7.682000000000000000e+03 4.458630000000000093e-01
7.683000000000000000e+03 4.468210000000000237e-01
7.684000000000000000e+03 4.477789999999999826e-01
7.685000000000000000e+03 4.487369999999999970e-01
7.686000000000000000e+03 4.494099999999999762e-01
7.687000000000000000e+03 4.500819999999999821e-01
7.688000000000000000e+03 4.507539999999999880e-01
7.689000000000000000e+03 4.514259999999999939e-01
7.690000000000000000e+03 4.520989999999999731e-01
7.691000000000000000e+03 4.526169999999999916e-01
7.692000000000000000e+03 4.531359999999999832e-01
7.693000000000000000e+03 4.536549999999999749e-01
7.694000000000000000e+03 4.541749999999999954e-01
7.695000000000000000e+03 4.546959999999999891e-01
7.696000000000000000e+03 4.554070000000000062e-01
7.697000000000000000e+03 4.561200000000000254e-01
7.698000000000000000e+03 4.568329999999999891e-01
7.699000000000000000e+03 4.575480000000000103e-01
7.700000000000000000e+03 4.582640000000000047e-01
7.701000000000000000e+03 4.587069999999999759e-01
7.702000000000000000e+03 4.591520000000000046e-01
7.703000000000000000e+03 4.595969999999999778e-01
7.704000000000000000e+03 4.600440000000000085e-01
7.705000000000000000e+03 4.604920000000000124e-01
7.706000000000000000e+03 4.606569999999999832e-01
7.707000000000000000e+03 4.608229999999999826e-01
7.708000000000000000e+03 4.609900000000000109e-01
7.709000000000000000e+03 4.611580000000000124e-01
7.710000000000000000e+03 4.613260000000000138e-01
7.711000000000000000e+03 4.614210000000000256e-01
7.712000000000000000e+03 4.615150000000000086e-01
7.713000000000000000e+03 4.616089999999999915e-01
7.714000000000000000e+03 4.617020000000000013e-01
7.715000000000000000e+03 4.617950000000000110e-01
7.716000000000000000e+03 4.617919999999999803e-01
7.717000000000000000e+03 4.617890000000000050e-01
7.718000000000000000e+03 4.617859999999999743e-01
7.719000000000000000e+03 4.617820000000000258e-01
7.720000000000000000e+03 4.617780000000000218e-01
7.721000000000000000e+03 4.617609999999999770e-01
7.722000000000000000e+03 4.617450000000000165e-01
7.723000000000000000e+03 4.617280000000000273e-01
7.724000000000000000e+03 4.617100000000000093e-01
7.725000000000000000e+03 4.616930000000000200e-01
7.726000000000000000e+03 4.616750000000000020e-01
7.727000000000000000e+03 4.616569999999999840e-01
7.728000000000000000e+03 4.616379999999999928e-01
7.729000000000000000e+03 4.616199999999999748e-01
7.730000000000000000e+03 4.616009999999999835e-01
7.731000000000000000e+03 4.616660000000000208e-01
7.732000000000000000e+03 4.617310000000000025e-01
7.733000000000000000e+03 4.617959999999999843e-01
7.734000000000000000e+03 4.618619999999999948e-01
7.735000000000000000e+03 4.619269999999999765e-01
7.736000000000000000e+03 4.618979999999999753e-01
7.737000000000000000e+03 4.618700000000000028e-01
7.738000000000000000e+03 4.618419999999999748e-01
7.739000000000000000e+03 4.618140000000000023e-01
7.740000000000000000e+03 4.617859999999999743e-01
7.741000000000000000e+03 4.617800000000000238e-01
7.742000000000000000e+03 4.617749999999999910e-01
7.743000000000000000e+03 4.617680000000000118e-01
7.744000000000000000e+03 4.617609999999999770e-01
7.745000000000000000e+03 4.617530000000000245e-01
7.746000000000000000e+03 4.617439999999999878e-01
7.747000000000000000e+03 4.617339999999999778e-01
7.748000000000000000e+03 4.617240000000000233e-01
7.749000000000000000e+03 4.617120000000000113e-01
7.750000000000000000e+03 4.616999999999999993e-01
7.751000000000000000e+03 4.616669999999999940e-01
7.752000000000000000e+03 4.616319999999999868e-01
7.753000000000000000e+03 4.615969999999999795e-01
7.754000000000000000e+03 4.615619999999999723e-01
7.755000000000000000e+03 4.615250000000000186e-01
7.756000000000000000e+03 4.614869999999999806e-01
7.757000000000000000e+03 4.614489999999999981e-01
7.758000000000000000e+03 4.614090000000000136e-01
7.759000000000000000e+03 4.613700000000000023e-01
7.760000000000000000e+03 4.613300000000000178e-01
7.761000000000000000e+03 4.613019999999999898e-01
7.762000000000000000e+03 4.612749999999999906e-01
7.763000000000000000e+03 4.612479999999999913e-01
7.764000000000000000e+03 4.612200000000000188e-01
7.765000000000000000e+03 4.611939999999999928e-01
7.766000000000000000e+03 4.611669999999999936e-01
7.767000000000000000e+03 4.611410000000000231e-01
7.768000000000000000e+03 4.611149999999999971e-01
7.769000000000000000e+03 4.610879999999999979e-01
7.770000000000000000e+03 4.610620000000000274e-01
7.771000000000000000e+03 4.610230000000000161e-01
7.772000000000000000e+03 4.609849999999999781e-01
7.773000000000000000e+03 4.609460000000000224e-01
7.774000000000000000e+03 4.609070000000000111e-01
7.775000000000000000e+03 4.608679999999999999e-01
7.776000000000000000e+03 4.608289999999999886e-01
7.777000000000000000e+03 4.607910000000000061e-01
7.778000000000000000e+03 4.607519999999999949e-01
7.779000000000000000e+03 4.607129999999999836e-01
7.780000000000000000e+03 4.606739999999999724e-01
7.781000000000000000e+03 4.606379999999999919e-01
7.782000000000000000e+03 4.606020000000000114e-01
7.783000000000000000e+03 4.605659999999999754e-01
7.784000000000000000e+03 4.605299999999999949e-01
7.785000000000000000e+03 4.604940000000000144e-01
7.786000000000000000e+03 4.604570000000000052e-01
7.787000000000000000e+03 4.604210000000000247e-01
7.788000000000000000e+03 4.603849999999999887e-01
7.789000000000000000e+03 4.603490000000000082e-01
7.790000000000000000e+03 4.603130000000000277e-01
7.791000000000000000e+03 4.603920000000000234e-01
7.792000000000000000e+03 4.604710000000000192e-01
7.793000000000000000e+03 4.605509999999999882e-01
7.794000000000000000e+03 4.606299999999999839e-01
7.795000000000000000e+03 4.607089999999999796e-01
7.796000000000000000e+03 4.606939999999999924e-01
7.797000000000000000e+03 4.606790000000000052e-01
7.798000000000000000e+03 4.606640000000000179e-01
7.799000000000000000e+03 4.606489999999999752e-01
7.800000000000000000e+03 4.606339999999999879e-01
7.801000000000000000e+03 4.605529999999999902e-01
7.802000000000000000e+03 4.604719999999999924e-01
7.803000000000000000e+03 4.603909999999999947e-01
7.804000000000000000e+03 4.603099999999999969e-01
7.805000000000000000e+03 4.602289999999999992e-01
7.806000000000000000e+03 4.601489999999999747e-01
7.807000000000000000e+03 4.600679999999999770e-01
7.808000000000000000e+03 4.599869999999999792e-01
7.809000000000000000e+03 4.599059999999999815e-01
7.810000000000000000e+03 4.598249999999999837e-01
7.811000000000000000e+03 4.598289999999999877e-01
7.812000000000000000e+03 4.598320000000000185e-01
7.813000000000000000e+03 4.598360000000000225e-01
7.814000000000000000e+03 4.598389999999999977e-01
7.815000000000000000e+03 4.598430000000000017e-01
7.816000000000000000e+03 4.598459999999999770e-01
7.817000000000000000e+03 4.598499999999999810e-01
7.818000000000000000e+03 4.598530000000000117e-01
7.819000000000000000e+03 4.598570000000000157e-01
7.820000000000000000e+03 4.598599999999999910e-01
7.821000000000000000e+03 4.598249999999999837e-01
7.822000000000000000e+03 4.597890000000000033e-01
7.823000000000000000e+03 4.597539999999999960e-01
7.824000000000000000e+03 4.597180000000000155e-01
7.825000000000000000e+03 4.596819999999999795e-01
7.826000000000000000e+03 4.596469999999999723e-01
7.827000000000000000e+03 4.596109999999999918e-01
7.828000000000000000e+03 4.595759999999999845e-01
7.829000000000000000e+03 4.595400000000000040e-01
7.830000000000000000e+03 4.595049999999999968e-01
7.831000000000000000e+03 4.594610000000000083e-01
7.832000000000000000e+03 4.594159999999999910e-01
7.833000000000000000e+03 4.593720000000000026e-01
7.834000000000000000e+03 4.593280000000000141e-01
7.835000000000000000e+03 4.592829999999999968e-01
7.836000000000000000e+03 4.592390000000000083e-01
7.837000000000000000e+03 4.591950000000000198e-01
7.838000000000000000e+03 4.591500000000000026e-01
7.839000000000000000e+03 4.591060000000000141e-01
7.840000000000000000e+03 4.590620000000000256e-01
7.841000000000000000e+03 4.590110000000000023e-01
7.842000000000000000e+03 4.589590000000000058e-01
7.843000000000000000e+03 4.589079999999999826e-01
7.844000000000000000e+03 4.588570000000000149e-01
7.845000000000000000e+03 4.588050000000000184e-01
7.846000000000000000e+03 4.587539999999999951e-01
7.847000000000000000e+03 4.587030000000000274e-01
7.848000000000000000e+03 4.586509999999999754e-01
7.849000000000000000e+03 4.586000000000000076e-01
7.850000000000000000e+03 4.585489999999999844e-01
7.851000000000000000e+03 4.585480000000000111e-01
7.852000000000000000e+03 4.585480000000000111e-01
7.853000000000000000e+03 4.585469999999999824e-01
7.854000000000000000e+03 4.585460000000000091e-01
7.855000000000000000e+03 4.585449999999999804e-01
7.856000000000000000e+03 4.585449999999999804e-01
7.857000000000000000e+03 4.585440000000000071e-01
7.858000000000000000e+03 4.585429999999999784e-01
7.859000000000000000e+03 4.585429999999999784e-01
7.860000000000000000e+03 4.585420000000000051e-01
7.861000000000000000e+03 4.584050000000000069e-01
7.862000000000000000e+03 4.582680000000000087e-01
7.863000000000000000e+03 4.581319999999999837e-01
7.864000000000000000e+03 4.579949999999999855e-01
7.865000000000000000e+03 4.578579999999999872e-01
7.866000000000000000e+03 4.578150000000000275e-01
7.867000000000000000e+03 4.577720000000000122e-01
7.868000000000000000e+03 4.577289999999999970e-01
7.869000000000000000e+03 4.576870000000000105e-01
7.870000000000000000e+03 4.576439999999999952e-01
7.871000000000000000e+03 4.575270000000000170e-01
7.872000000000000000e+03 4.574099999999999833e-01
7.873000000000000000e+03 4.572930000000000050e-01
7.874000000000000000e+03 4.571760000000000268e-01
7.875000000000000000e+03 4.570589999999999931e-01
7.876000000000000000e+03 4.570359999999999978e-01
7.877000000000000000e+03 4.570130000000000026e-01
7.878000000000000000e+03 4.569900000000000073e-01
7.879000000000000000e+03 4.569670000000000121e-01
7.880000000000000000e+03 4.569429999999999881e-01
7.881000000000000000e+03 4.567990000000000106e-01
7.882000000000000000e+03 4.566549999999999776e-01
7.883000000000000000e+03 4.565110000000000001e-01
7.884000000000000000e+03 4.563659999999999939e-01
7.885000000000000000e+03 4.562220000000000164e-01
7.886000000000000000e+03 4.559840000000000004e-01
7.887000000000000000e+03 4.557459999999999845e-01
7.888000000000000000e+03 4.555089999999999972e-01
7.889000000000000000e+03 4.552709999999999813e-01
7.890000000000000000e+03 4.550330000000000208e-01
7.891000000000000000e+03 4.547930000000000028e-01
7.892000000000000000e+03 4.545529999999999848e-01
7.893000000000000000e+03 4.543130000000000224e-01
7.894000000000000000e+03 4.540730000000000044e-01
7.895000000000000000e+03 4.538329999999999864e-01
7.896000000000000000e+03 4.537800000000000167e-01
7.897000000000000000e+03 4.537269999999999914e-01
7.898000000000000000e+03 4.536749999999999949e-01
7.899000000000000000e+03 4.536220000000000252e-01
7.900000000000000000e+03 4.535690000000000000e-01
7.901000000000000000e+03 4.535589999999999899e-01
7.902000000000000000e+03 4.535489999999999799e-01
7.903000000000000000e+03 4.535390000000000255e-01
7.904000000000000000e+03 4.535290000000000155e-01
7.905000000000000000e+03 4.535190000000000055e-01
7.906000000000000000e+03 4.535089999999999955e-01
7.907000000000000000e+03 4.534989999999999855e-01
7.908000000000000000e+03 4.534889999999999755e-01
7.909000000000000000e+03 4.534790000000000210e-01
7.910000000000000000e+03 4.534679999999999822e-01
7.911000000000000000e+03 4.536439999999999917e-01
7.912000000000000000e+03 4.538200000000000012e-01
7.913000000000000000e+03 4.539949999999999819e-01
7.914000000000000000e+03 4.541709999999999914e-01
7.915000000000000000e+03 4.543460000000000276e-01
7.916000000000000000e+03 4.543349999999999889e-01
7.917000000000000000e+03 4.543229999999999769e-01
7.918000000000000000e+03 4.543119999999999936e-01
7.919000000000000000e+03 4.542999999999999816e-01
7.920000000000000000e+03 4.542889999999999984e-01
7.921000000000000000e+03 4.541399999999999881e-01
7.922000000000000000e+03 4.539909999999999779e-01
7.923000000000000000e+03 4.538420000000000232e-01
7.924000000000000000e+03 4.536930000000000129e-01
7.925000000000000000e+03 4.535440000000000027e-01
7.926000000000000000e+03 4.535819999999999852e-01
7.927000000000000000e+03 4.536200000000000232e-01
7.928000000000000000e+03 4.536580000000000057e-01
7.929000000000000000e+03 4.536959999999999882e-01
7.930000000000000000e+03 4.537329999999999974e-01
7.931000000000000000e+03 4.539969999999999839e-01
7.932000000000000000e+03 4.542599999999999971e-01
7.933000000000000000e+03 4.545239999999999836e-01
7.934000000000000000e+03 4.547869999999999968e-01
7.935000000000000000e+03 4.550509999999999833e-01
7.936000000000000000e+03 4.553139999999999965e-01
7.937000000000000000e+03 4.555779999999999830e-01
7.938000000000000000e+03 4.558409999999999962e-01
7.939000000000000000e+03 4.561040000000000094e-01
7.940000000000000000e+03 4.563679999999999959e-01
7.941000000000000000e+03 4.563110000000000221e-01
7.942000000000000000e+03 4.562550000000000217e-01
7.943000000000000000e+03 4.561979999999999924e-01
7.944000000000000000e+03 4.561419999999999919e-01
7.945000000000000000e+03 4.560850000000000182e-01
7.946000000000000000e+03 4.559360000000000079e-01
7.947000000000000000e+03 4.557860000000000245e-01
7.948000000000000000e+03 4.556359999999999855e-01
7.949000000000000000e+03 4.554869999999999752e-01
7.950000000000000000e+03 4.553369999999999918e-01
7.951000000000000000e+03 4.551169999999999938e-01
7.952000000000000000e+03 4.548960000000000226e-01
7.953000000000000000e+03 4.546760000000000246e-01
7.954000000000000000e+03 4.544549999999999979e-01
7.955000000000000000e+03 4.542349999999999999e-01
7.956000000000000000e+03 4.537349999999999994e-01
7.957000000000000000e+03 4.532349999999999990e-01
7.958000000000000000e+03 4.527360000000000273e-01
7.959000000000000000e+03 4.522360000000000269e-01
7.960000000000000000e+03 4.517360000000000264e-01
7.961000000000000000e+03 4.515219999999999789e-01
7.962000000000000000e+03 4.513079999999999870e-01
7.963000000000000000e+03 4.510939999999999950e-01
7.964000000000000000e+03 4.508800000000000030e-01
7.965000000000000000e+03 4.506649999999999823e-01
7.966000000000000000e+03 4.510100000000000220e-01
7.967000000000000000e+03 4.513539999999999774e-01
7.968000000000000000e+03 4.516990000000000172e-01
7.969000000000000000e+03 4.520429999999999726e-01
7.970000000000000000e+03 4.523869999999999836e-01
7.971000000000000000e+03 4.526240000000000263e-01
7.972000000000000000e+03 4.528599999999999848e-01
7.973000000000000000e+03 4.530959999999999988e-01
7.974000000000000000e+03 4.533320000000000127e-01
7.975000000000000000e+03 4.535680000000000267e-01
7.976000000000000000e+03 4.536180000000000212e-01
7.977000000000000000e+03 4.536669999999999869e-01
7.978000000000000000e+03 4.537169999999999814e-01
7.979000000000000000e+03 4.537669999999999759e-01
7.980000000000000000e+03 4.538170000000000259e-01
7.981000000000000000e+03 4.538070000000000159e-01
7.982000000000000000e+03 4.537979999999999792e-01
7.983000000000000000e+03 4.537880000000000247e-01
7.984000000000000000e+03 4.537789999999999879e-01
7.985000000000000000e+03 4.537689999999999779e-01
7.986000000000000000e+03 4.537599999999999967e-01
7.987000000000000000e+03 4.537499999999999867e-01
7.988000000000000000e+03 4.537399999999999767e-01
7.989000000000000000e+03 4.537309999999999954e-01
7.990000000000000000e+03 4.537209999999999854e-01
7.991000000000000000e+03 4.536899999999999822e-01
7.992000000000000000e+03 4.536589999999999789e-01
7.993000000000000000e+03 4.536279999999999757e-01
7.994000000000000000e+03 4.535969999999999724e-01
7.995000000000000000e+03 4.535660000000000247e-01
7.996000000000000000e+03 4.533499999999999752e-01
7.997000000000000000e+03 4.531330000000000080e-01
7.998000000000000000e+03 4.529159999999999853e-01
7.999000000000000000e+03 4.526990000000000181e-01
8.000000000000000000e+03 4.524830000000000241e-01
8.001000000000000000e+03 4.522789999999999866e-01
8.002000000000000000e+03 4.520759999999999779e-01
8.003000000000000000e+03 4.518730000000000246e-01
8.004000000000000000e+03 4.516689999999999872e-01
8.005000000000000000e+03 4.514659999999999784e-01
8.006000000000000000e+03 4.514489999999999892e-01
8.007000000000000000e+03 4.514310000000000267e-01
8.008000000000000000e+03 4.514139999999999819e-01
8.009000000000000000e+03 4.513960000000000194e-01
8.010000000000000000e+03 4.513789999999999747e-01
8.011000000000000000e+03 4.513719999999999954e-01
8.012000000000000000e+03 4.513650000000000162e-01
8.013000000000000000e+03 4.513579999999999814e-01
8.014000000000000000e+03 4.513510000000000022e-01
8.015000000000000000e+03 4.513440000000000230e-01
8.016000000000000000e+03 4.514299999999999979e-01
8.017000000000000000e+03 4.515159999999999729e-01
8.018000000000000000e+03 4.516020000000000034e-01
8.019000000000000000e+03 4.516879999999999784e-01
8.020000000000000000e+03 4.517740000000000089e-01
8.021000000000000000e+03 4.517499999999999849e-01
8.022000000000000000e+03 4.517260000000000164e-01
8.023000000000000000e+03 4.517030000000000212e-01
8.024000000000000000e+03 4.516789999999999972e-01
8.025000000000000000e+03 4.516549999999999732e-01
8.026000000000000000e+03 4.516310000000000047e-01
8.027000000000000000e+03 4.516080000000000094e-01
8.028000000000000000e+03 4.515839999999999854e-01
8.029000000000000000e+03 4.515600000000000169e-01
8.030000000000000000e+03 4.515370000000000217e-01
8.031000000000000000e+03 4.516419999999999879e-01
8.032000000000000000e+03 4.517470000000000097e-01
8.033000000000000000e+03 4.518530000000000046e-01
8.034000000000000000e+03 4.519580000000000264e-01
8.035000000000000000e+03 4.520629999999999926e-01
8.036000000000000000e+03 4.520759999999999779e-01
8.037000000000000000e+03 4.518730000000000246e-01
8.038000000000000000e+03 4.516700000000000159e-01
8.039000000000000000e+03 4.507729999999999793e-01
8.040000000000000000e+03 4.498750000000000249e-01
8.041000000000000000e+03 4.489630000000000010e-01
8.042000000000000000e+03 4.480509999999999771e-01
8.043000000000000000e+03 4.471390000000000087e-01
8.044000000000000000e+03 4.462280000000000135e-01
8.045000000000000000e+03 4.453400000000000136e-01
8.046000000000000000e+03 4.446339999999999737e-01
8.047000000000000000e+03 4.439040000000000208e-01
8.048000000000000000e+03 4.431729999999999836e-01
8.049000000000000000e+03 4.424420000000000019e-01
8.050000000000000000e+03 4.417090000000000183e-01
8.051000000000000000e+03 4.409640000000000226e-01
8.052000000000000000e+03 4.402170000000000250e-01
8.053000000000000000e+03 4.394700000000000273e-01
8.054000000000000000e+03 4.387220000000000009e-01
8.055000000000000000e+03 4.379979999999999984e-01
8.056000000000000000e+03 4.370939999999999825e-01
8.057000000000000000e+03 4.361659999999999981e-01
8.058000000000000000e+03 4.352389999999999870e-01
8.059000000000000000e+03 4.343110000000000026e-01
8.060000000000000000e+03 4.333830000000000182e-01
8.061000000000000000e+03 4.324500000000000011e-01
8.062000000000000000e+03 4.315169999999999839e-01
8.063000000000000000e+03 4.306079999999999908e-01
8.064000000000000000e+03 4.296989999999999976e-01
8.065000000000000000e+03 4.287659999999999805e-01
8.066000000000000000e+03 4.278330000000000188e-01
8.067000000000000000e+03 4.269000000000000017e-01
8.068000000000000000e+03 4.259680000000000133e-01
8.069000000000000000e+03 4.250349999999999961e-01
8.070000000000000000e+03 4.241019999999999790e-01
8.071000000000000000e+03 4.232090000000000019e-01
8.072000000000000000e+03 4.223160000000000247e-01
8.073000000000000000e+03 4.207259999999999889e-01
8.074000000000000000e+03 4.191349999999999798e-01
8.075000000000000000e+03 4.173049999999999815e-01
8.076000000000000000e+03 4.154749999999999832e-01
8.077000000000000000e+03 4.136690000000000089e-01
8.078000000000000000e+03 4.118629999999999791e-01
8.079000000000000000e+03 4.100329999999999808e-01
8.080000000000000000e+03 4.082020000000000093e-01
8.081000000000000000e+03 4.062680000000000180e-01
8.082000000000000000e+03 4.043350000000000000e-01
8.083000000000000000e+03 4.024269999999999792e-01
8.084000000000000000e+03 4.005190000000000139e-01
8.085000000000000000e+03 3.985890000000000266e-01
8.086000000000000000e+03 3.966600000000000126e-01
8.087000000000000000e+03 3.947550000000000225e-01
8.088000000000000000e+03 3.928519999999999790e-01
8.089000000000000000e+03 3.909259999999999957e-01
8.090000000000000000e+03 3.890000000000000124e-01
8.091000000000000000e+03 3.871350000000000069e-01
8.092000000000000000e+03 3.852709999999999746e-01
8.093000000000000000e+03 3.833840000000000026e-01
8.094000000000000000e+03 3.814969999999999750e-01
8.095000000000000000e+03 3.796350000000000002e-01
8.096000000000000000e+03 3.778509999999999924e-01
8.097000000000000000e+03 3.760430000000000161e-01
8.098000000000000000e+03 3.742340000000000111e-01
8.099000000000000000e+03 3.724500000000000033e-01
8.100000000000000000e+03 3.706650000000000222e-01
8.101000000000000000e+03 3.688469999999999804e-01
8.102000000000000000e+03 3.670280000000000209e-01
8.103000000000000000e+03 3.652329999999999743e-01
8.104000000000000000e+03 3.634379999999999833e-01
8.105000000000000000e+03 3.616190000000000238e-01
8.106000000000000000e+03 3.596520000000000272e-01
8.107000000000000000e+03 3.577110000000000012e-01
8.108000000000000000e+03 3.557710000000000039e-01
8.109000000000000000e+03 3.538089999999999846e-01
8.110000000000000000e+03 3.518490000000000228e-01
8.111000000000000000e+03 3.498439999999999883e-01
8.112000000000000000e+03 3.478419999999999845e-01
8.113000000000000000e+03 3.458180000000000143e-01
8.114000000000000000e+03 3.437959999999999905e-01
8.115000000000000000e+03 3.417999999999999927e-01
8.116000000000000000e+03 3.398769999999999847e-01
8.117000000000000000e+03 3.379309999999999814e-01
8.118000000000000000e+03 3.359869999999999801e-01
8.119000000000000000e+03 3.340670000000000028e-01
8.120000000000000000e+03 3.321500000000000008e-01
8.121000000000000000e+03 3.302869999999999973e-01
8.122000000000000000e+03 3.284250000000000225e-01
8.123000000000000000e+03 3.265870000000000162e-01
8.124000000000000000e+03 3.247499999999999831e-01
8.125000000000000000e+03 3.228900000000000103e-01
8.126000000000000000e+03 3.205660000000000176e-01
8.127000000000000000e+03 3.182710000000000261e-01
8.128000000000000000e+03 3.159810000000000119e-01
8.129000000000000000e+03 3.136740000000000084e-01
8.130000000000000000e+03 3.113730000000000109e-01
8.131000000000000000e+03 3.085919999999999774e-01
8.132000000000000000e+03 3.058219999999999827e-01
8.133000000000000000e+03 3.030869999999999953e-01
8.134000000000000000e+03 3.003640000000000199e-01
8.135000000000000000e+03 2.976289999999999769e-01
8.136000000000000000e+03 2.954689999999999817e-01
8.137000000000000000e+03 2.933379999999999876e-01
8.138000000000000000e+03 2.912109999999999976e-01
8.139000000000000000e+03 2.890659999999999896e-01
8.140000000000000000e+03 2.869260000000000144e-01
8.141000000000000000e+03 2.850280000000000036e-01
8.142000000000000000e+03 2.831319999999999948e-01
8.143000000000000000e+03 2.812160000000000215e-01
8.144000000000000000e+03 2.793010000000000215e-01
8.145000000000000000e+03 2.774110000000000187e-01
8.146000000000000000e+03 2.751109999999999944e-01
8.147000000000000000e+03 2.727950000000000097e-01
8.148000000000000000e+03 2.704869999999999775e-01
8.149000000000000000e+03 2.682080000000000020e-01
8.150000000000000000e+03 2.659360000000000057e-01
8.151000000000000000e+03 2.635620000000000185e-01
8.152000000000000000e+03 2.611959999999999837e-01
8.153000000000000000e+03 2.588610000000000078e-01
8.154000000000000000e+03 2.565350000000000130e-01
8.155000000000000000e+03 2.541939999999999755e-01
8.156000000000000000e+03 2.519179999999999753e-01
8.157000000000000000e+03 2.496710000000000040e-01
8.158000000000000000e+03 2.474329999999999863e-01
8.159000000000000000e+03 2.451790000000000080e-01
8.160000000000000000e+03 2.429340000000000110e-01
8.161000000000000000e+03 2.409570000000000045e-01
8.162000000000000000e+03 2.389850000000000030e-01
8.163000000000000000e+03 2.369950000000000112e-01
8.164000000000000000e+03 2.350089999999999957e-01
8.165000000000000000e+03 2.330500000000000071e-01
8.166000000000000000e+03 2.321249999999999980e-01
8.167000000000000000e+03 2.311680000000000124e-01
8.168000000000000000e+03 2.302009999999999890e-01
8.169000000000000000e+03 2.292450000000000043e-01
8.170000000000000000e+03 2.282800000000000107e-01
8.171000000000000000e+03 2.265830000000000066e-01
8.172000000000000000e+03 2.248870000000000036e-01
8.173000000000000000e+03 2.232129999999999947e-01
8.174000000000000000e+03 2.215390000000000137e-01
8.175000000000000000e+03 2.198430000000000106e-01
8.176000000000000000e+03 2.172850000000000059e-01
8.177000000000000000e+03 2.147630000000000094e-01
8.178000000000000000e+03 2.122539999999999982e-01
8.179000000000000000e+03 2.097360000000000058e-01
8.180000000000000000e+03 2.072309999999999985e-01
8.181000000000000000e+03 2.061929999999999874e-01
8.182000000000000000e+03 2.051449999999999940e-01
8.183000000000000000e+03 2.041090000000000126e-01
8.184000000000000000e+03 2.030629999999999935e-01
8.185000000000000000e+03 2.019839999999999969e-01
8.186000000000000000e+03 2.007619999999999960e-01
8.187000000000000000e+03 1.995550000000000102e-01
8.188000000000000000e+03 1.983399999999999885e-01
8.189000000000000000e+03 1.970949999999999924e-01
8.190000000000000000e+03 1.958409999999999873e-01
8.191000000000000000e+03 1.941910000000000025e-01
8.192000000000000000e+03 1.925399999999999889e-01
8.193000000000000000e+03 1.908650000000000069e-01
8.194000000000000000e+03 1.891899999999999971e-01
8.195000000000000000e+03 1.875370000000000092e-01
8.196000000000000000e+03 1.858430000000000082e-01
8.197000000000000000e+03 1.841260000000000119e-01
8.198000000000000000e+03 1.824089999999999878e-01
8.199000000000000000e+03 1.807149999999999868e-01
8.200000000000000000e+03 1.790200000000000125e-01
8.201000000000000000e+03 1.782330000000000025e-01
8.202000000000000000e+03 1.774280000000000024e-01
8.203000000000000000e+03 1.766270000000000062e-01
8.204000000000000000e+03 1.758089999999999931e-01
8.205000000000000000e+03 1.749499999999999944e-01
8.206000000000000000e+03 1.738530000000000075e-01
8.207000000000000000e+03 1.727660000000000029e-01
8.208000000000000000e+03 1.716660000000000130e-01
8.209000000000000000e+03 1.705289999999999861e-01
8.210000000000000000e+03 1.693780000000000008e-01
8.211000000000000000e+03 1.675300000000000122e-01
8.212000000000000000e+03 1.656839999999999979e-01
8.213000000000000000e+03 1.638159999999999894e-01
8.214000000000000000e+03 1.619500000000000106e-01
8.215000000000000000e+03 1.601090000000000013e-01
8.216000000000000000e+03 1.579720000000000013e-01
8.217000000000000000e+03 1.558209999999999873e-01
8.218000000000000000e+03 1.536780000000000090e-01
8.219000000000000000e+03 1.515660000000000063e-01
8.220000000000000000e+03 1.494630000000000125e-01
8.221000000000000000e+03 1.464570000000000038e-01
8.222000000000000000e+03 1.434809999999999974e-01
8.223000000000000000e+03 1.405569999999999875e-01
8.224000000000000000e+03 1.376620000000000066e-01
8.225000000000000000e+03 1.347730000000000039e-01
8.226000000000000000e+03 1.315340000000000120e-01
8.227000000000000000e+03 1.283559999999999979e-01
8.228000000000000000e+03 1.252159999999999940e-01
8.229000000000000000e+03 1.220929999999999932e-01
8.230000000000000000e+03 1.190100000000000047e-01
8.231000000000000000e+03 1.180360000000000020e-01
8.232000000000000000e+03 1.170449999999999963e-01
8.233000000000000000e+03 1.160589999999999955e-01
8.234000000000000000e+03 1.150560000000000055e-01
8.235000000000000000e+03 1.140140000000000042e-01
8.236000000000000000e+03 1.136970000000000064e-01
8.237000000000000000e+03 1.133630000000000054e-01
8.238000000000000000e+03 1.129909999999999942e-01
8.239000000000000000e+03 1.125580000000000053e-01
8.240000000000000000e+03 1.120860000000000051e-01
8.241000000000000000e+03 1.108480000000000021e-01
8.242000000000000000e+03 1.095949999999999980e-01
8.243000000000000000e+03 1.083049999999999985e-01
8.244000000000000000e+03 1.069989999999999969e-01
8.245000000000000000e+03 1.057020000000000043e-01
8.246000000000000000e+03 1.040620000000000017e-01
8.247000000000000000e+03 1.023949999999999999e-01
8.248000000000000000e+03 1.007239999999999941e-01
8.249000000000000000e+03 9.907340000000000590e-02
8.250000000000000000e+03 9.741869999999999696e-02
8.251000000000000000e+03 9.554160000000000430e-02
8.252000000000000000e+03 9.366800000000000126e-02
8.253000000000000000e+03 9.182129999999999459e-02
8.254000000000000000e+03 8.997810000000000530e-02
8.255000000000000000e+03 8.811499999999999888e-02
8.256000000000000000e+03 8.625549999999999884e-02
8.257000000000000000e+03 8.442280000000000617e-02
8.258000000000000000e+03 8.259350000000000025e-02
8.259000000000000000e+03 8.074449999999999683e-02
8.260000000000000000e+03 7.889899999999999691e-02
8.261000000000000000e+03 7.734979999999999634e-02
8.262000000000000000e+03 7.579189999999999539e-02
8.263000000000000000e+03 7.420179999999999831e-02
8.264000000000000000e+03 7.260300000000000087e-02
8.265000000000000000e+03 7.101889999999999592e-02
8.266000000000000000e+03 6.931049999999999711e-02
8.267000000000000000e+03 6.757570000000000243e-02
8.268000000000000000e+03 6.583799999999999375e-02
8.269000000000000000e+03 6.412120000000000319e-02
8.270000000000000000e+03 6.240149999999999864e-02
8.271000000000000000e+03 6.029980000000000062e-02
8.272000000000000000e+03 5.821629999999999860e-02
8.273000000000000000e+03 5.617439999999999933e-02
8.274000000000000000e+03 5.415049999999999725e-02
8.275000000000000000e+03 5.212159999999999710e-02
8.276000000000000000e+03 5.021840000000000331e-02
8.277000000000000000e+03 4.834890000000000021e-02
8.278000000000000000e+03 4.648999999999999660e-02
8.279000000000000000e+03 4.461899999999999894e-02
8.280000000000000000e+03 4.275879999999999959e-02
8.281000000000000000e+03 4.198269999999999780e-02
8.282000000000000000e+03 4.120309999999999945e-02
8.283000000000000000e+03 4.042010000000000047e-02
8.284000000000000000e+03 3.963359999999999800e-02
8.285000000000000000e+03 3.886649999999999827e-02
8.286000000000000000e+03 3.802269999999999955e-02
8.287000000000000000e+03 3.715589999999999865e-02
8.288000000000000000e+03 3.628900000000000181e-02
8.289000000000000000e+03 3.542189999999999922e-02
8.290000000000000000e+03 3.455479999999999663e-02
8.291000000000000000e+03 3.370940000000000047e-02
8.292000000000000000e+03 3.286270000000000163e-02
8.293000000000000000e+03 3.203770000000000229e-02
8.294000000000000000e+03 3.121149999999999966e-02
8.295000000000000000e+03 3.036109999999999851e-02
8.296000000000000000e+03 2.954719999999999916e-02
8.297000000000000000e+03 2.872989999999999919e-02
8.298000000000000000e+03 2.790899999999999978e-02
8.299000000000000000e+03 2.708460000000000034e-02
8.300000000000000000e+03 2.625670000000000087e-02
8.301000000000000000e+03 2.541150000000000006e-02
8.302000000000000000e+03 2.456530000000000172e-02
8.303000000000000000e+03 2.369510000000000019e-02
8.304000000000000000e+03 2.282390000000000113e-02
8.305000000000000000e+03 2.195189999999999989e-02
8.306000000000000000e+03 2.111000000000000029e-02
8.307000000000000000e+03 2.026460000000000067e-02
8.308000000000000000e+03 1.941580000000000042e-02
8.309000000000000000e+03 1.858689999999999995e-02
8.310000000000000000e+03 1.775449999999999945e-02
8.311000000000000000e+03 1.685700000000000046e-02
8.312000000000000000e+03 1.595999999999999849e-02
8.313000000000000000e+03 1.506359999999999991e-02
8.314000000000000000e+03 1.416770000000000009e-02
8.315000000000000000e+03 1.327230000000000076e-02
8.316000000000000000e+03 1.234900000000000060e-02
8.317000000000000000e+03 1.145370000000000069e-02
8.318000000000000000e+03 1.056290000000000007e-02
8.319000000000000000e+03 9.653439999999999244e-03
8.320000000000000000e+03 8.748590000000000533e-03
8.321000000000000000e+03 7.881859999999999214e-03
8.322000000000000000e+03 7.012280000000000076e-03
8.323000000000000000e+03 6.139839999999999708e-03
8.324000000000000000e+03 5.264549999999999785e-03
8.325000000000000000e+03 4.409749999999999608e-03
8.326000000000000000e+03 3.554390000000000154e-03
8.327000000000000000e+03 2.671740000000000139e-03
8.328000000000000000e+03 1.785130000000000007e-03
8.329000000000000000e+03 8.945459999999999696e-04
