3.200000000000000000e+03 1.429549999999999889e-14
3.201000000000000000e+03 3.292500000000000071e-04
3.202000000000000000e+03 6.890390000000000143e-04
3.203000000000000000e+03 1.080519999999999961e-03
3.204000000000000000e+03 1.504869999999999949e-03
3.205000000000000000e+03 1.963059999999999979e-03
3.206000000000000000e+03 2.460429999999999996e-03
3.207000000000000000e+03 2.996159999999999882e-03
3.208000000000000000e+03 3.571410000000000123e-03
3.209000000000000000e+03 4.187579999999999775e-03
3.210000000000000000e+03 4.846119999999999768e-03
3.211000000000000000e+03 5.034379999999999758e-03
3.212000000000000000e+03 5.226419999999999851e-03
3.213000000000000000e+03 5.422249999999999986e-03
3.214000000000000000e+03 5.621929999999999809e-03
3.215000000000000000e+03 5.824880000000000162e-03
3.216000000000000000e+03 5.991510000000000238e-03
3.217000000000000000e+03 6.160139999999999713e-03
3.218000000000000000e+03 6.330139999999999725e-03
3.219000000000000000e+03 6.501510000000000275e-03
3.220000000000000000e+03 6.674229999999999746e-03
3.221000000000000000e+03 6.875990000000000227e-03
3.222000000000000000e+03 7.080269999999999619e-03
3.223000000000000000e+03 7.287090000000000407e-03
3.224000000000000000e+03 7.496449999999999989e-03
3.225000000000000000e+03 7.707620000000000096e-03
3.226000000000000000e+03 7.988099999999999715e-03
3.227000000000000000e+03 8.275660000000000655e-03
3.228000000000000000e+03 8.569669999999999718e-03
3.229000000000000000e+03 8.870209999999999900e-03
3.230000000000000000e+03 9.177360000000000725e-03
3.231000000000000000e+03 9.530989999999999601e-03
3.232000000000000000e+03 9.893110000000000098e-03
3.233000000000000000e+03 1.026380000000000001e-02
3.234000000000000000e+03 1.064329999999999964e-02
3.235000000000000000e+03 1.103050000000000037e-02
3.236000000000000000e+03 1.135599999999999977e-02
3.237000000000000000e+03 1.168789999999999933e-02
3.238000000000000000e+03 1.202549999999999973e-02
3.239000000000000000e+03 1.236860000000000043e-02
3.240000000000000000e+03 1.271740000000000023e-02
3.241000000000000000e+03 1.299660000000000051e-02
3.242000000000000000e+03 1.327760000000000051e-02
3.243000000000000000e+03 1.356049999999999964e-02
3.244000000000000000e+03 1.384510000000000081e-02
3.245000000000000000e+03 1.413039999999999956e-02
3.246000000000000000e+03 1.441060000000000084e-02
3.247000000000000000e+03 1.469329999999999942e-02
3.248000000000000000e+03 1.497749999999999949e-02
3.249000000000000000e+03 1.526300000000000053e-02
3.250000000000000000e+03 1.554999999999999959e-02
3.251000000000000000e+03 1.595049999999999940e-02
3.252000000000000000e+03 1.635680000000000120e-02
3.253000000000000000e+03 1.676899999999999918e-02
3.254000000000000000e+03 1.718710000000000029e-02
3.255000000000000000e+03 1.760979999999999837e-02
3.256000000000000000e+03 1.811520000000000144e-02
3.257000000000000000e+03 1.863129999999999994e-02
3.258000000000000000e+03 1.915669999999999873e-02
3.259000000000000000e+03 1.969160000000000008e-02
3.260000000000000000e+03 2.023590000000000111e-02
3.261000000000000000e+03 2.077249999999999930e-02
3.262000000000000000e+03 2.131800000000000014e-02
3.263000000000000000e+03 2.187249999999999958e-02
3.264000000000000000e+03 2.243600000000000108e-02
3.265000000000000000e+03 2.300699999999999967e-02
3.266000000000000000e+03 2.347250000000000031e-02
3.267000000000000000e+03 2.394459999999999991e-02
3.268000000000000000e+03 2.442160000000000164e-02
3.269000000000000000e+03 2.490360000000000143e-02
3.270000000000000000e+03 2.539049999999999987e-02
3.271000000000000000e+03 2.581090000000000120e-02
3.272000000000000000e+03 2.623340000000000047e-02
3.273000000000000000e+03 2.665810000000000055e-02
3.274000000000000000e+03 2.708489999999999856e-02
3.275000000000000000e+03 2.751189999999999886e-02
3.276000000000000000e+03 2.796589999999999840e-02
3.277000000000000000e+03 2.842489999999999947e-02
3.278000000000000000e+03 2.888680000000000067e-02
3.279000000000000000e+03 2.935159999999999852e-02
3.280000000000000000e+03 2.981939999999999938e-02
3.281000000000000000e+03 3.046569999999999834e-02
3.282000000000000000e+03 3.112080000000000055e-02
3.283000000000000000e+03 3.178500000000000075e-02
3.284000000000000000e+03 3.245830000000000243e-02
3.285000000000000000e+03 3.313839999999999841e-02
3.286000000000000000e+03 3.390189999999999870e-02
3.287000000000000000e+03 3.467920000000000030e-02
3.288000000000000000e+03 3.546830000000000122e-02
3.289000000000000000e+03 3.626920000000000144e-02
3.290000000000000000e+03 3.708220000000000266e-02
3.291000000000000000e+03 3.778320000000000289e-02
3.292000000000000000e+03 3.849280000000000063e-02
3.293000000000000000e+03 3.921089999999999992e-02
3.294000000000000000e+03 3.993759999999999671e-02
3.295000000000000000e+03 4.067040000000000238e-02
3.296000000000000000e+03 4.127349999999999769e-02
3.297000000000000000e+03 4.188399999999999762e-02
3.298000000000000000e+03 4.249909999999999799e-02
3.299000000000000000e+03 4.311910000000000048e-02
3.300000000000000000e+03 4.374379999999999935e-02
3.301000000000000000e+03 4.427249999999999935e-02
3.302000000000000000e+03 4.480359999999999898e-02
3.303000000000000000e+03 4.533720000000000111e-02
3.304000000000000000e+03 4.587320000000000286e-02
3.305000000000000000e+03 4.640890000000000293e-02
3.306000000000000000e+03 4.700649999999999967e-02
3.307000000000000000e+03 4.761110000000000342e-02
3.308000000000000000e+03 4.821960000000000135e-02
3.309000000000000000e+03 4.883200000000000041e-02
3.310000000000000000e+03 4.944849999999999940e-02
3.311000000000000000e+03 5.019269999999999982e-02
3.312000000000000000e+03 5.094429999999999792e-02
3.313000000000000000e+03 5.161810000000000009e-02
3.314000000000000000e+03 5.229759999999999964e-02
3.315000000000000000e+03 5.295779999999999932e-02
3.316000000000000000e+03 5.373519999999999686e-02
3.317000000000000000e+03 5.451690000000000008e-02
3.318000000000000000e+03 5.530609999999999693e-02
3.319000000000000000e+03 5.610280000000000128e-02
3.320000000000000000e+03 5.690710000000000213e-02
3.321000000000000000e+03 5.759079999999999755e-02
3.322000000000000000e+03 5.827999999999999847e-02
3.323000000000000000e+03 5.897109999999999852e-02
3.324000000000000000e+03 5.966769999999999713e-02
3.325000000000000000e+03 6.037309999999999899e-02
3.326000000000000000e+03 6.096120000000000011e-02
3.327000000000000000e+03 6.154910000000000242e-02
3.328000000000000000e+03 6.214030000000000248e-02
3.329000000000000000e+03 6.273479999999999335e-02
3.330000000000000000e+03 6.333260000000000278e-02
3.331000000000000000e+03 6.378549999999999498e-02
3.332000000000000000e+03 6.423940000000000206e-02
3.333000000000000000e+03 6.469080000000000663e-02
3.334000000000000000e+03 6.514319999999999833e-02
3.335000000000000000e+03 6.560040000000000315e-02
3.336000000000000000e+03 6.613850000000000284e-02
3.337000000000000000e+03 6.667489999999999528e-02
3.338000000000000000e+03 6.721349999999999547e-02
3.339000000000000000e+03 6.775449999999999529e-02
3.340000000000000000e+03 6.829789999999999472e-02
3.341000000000000000e+03 6.900580000000000602e-02
3.342000000000000000e+03 6.971919999999999507e-02
3.343000000000000000e+03 7.043409999999999949e-02
3.344000000000000000e+03 7.115449999999999553e-02
3.345000000000000000e+03 7.188460000000000683e-02
3.346000000000000000e+03 7.264929999999999999e-02
3.347000000000000000e+03 7.338010000000000366e-02
3.348000000000000000e+03 7.411650000000000182e-02
3.349000000000000000e+03 7.474790000000000600e-02
3.350000000000000000e+03 7.538319999999999743e-02
3.351000000000000000e+03 7.590310000000000112e-02
3.352000000000000000e+03 7.642580000000000207e-02
3.353000000000000000e+03 7.695140000000000313e-02
3.354000000000000000e+03 7.747990000000000432e-02
3.355000000000000000e+03 7.801120000000000276e-02
3.356000000000000000e+03 7.845389999999999309e-02
3.357000000000000000e+03 7.889839999999999354e-02
3.358000000000000000e+03 7.934470000000000411e-02
3.359000000000000000e+03 7.979269999999999419e-02
3.360000000000000000e+03 8.024230000000000251e-02
3.361000000000000000e+03 8.057830000000000548e-02
3.362000000000000000e+03 8.091460000000000319e-02
3.363000000000000000e+03 8.125140000000000140e-02
3.364000000000000000e+03 8.158830000000000249e-02
3.365000000000000000e+03 8.192530000000000645e-02
3.366000000000000000e+03 8.226210000000000466e-02
3.367000000000000000e+03 8.259930000000000050e-02
3.368000000000000000e+03 8.293689999999999396e-02
3.369000000000000000e+03 8.327489999999999892e-02
3.370000000000000000e+03 8.361330000000000151e-02
3.371000000000000000e+03 8.399020000000000097e-02
3.372000000000000000e+03 8.436799999999999855e-02
3.373000000000000000e+03 8.474669999999999426e-02
3.374000000000000000e+03 8.512640000000000484e-02
3.375000000000000000e+03 8.550699999999999967e-02
3.376000000000000000e+03 8.605500000000000649e-02
3.377000000000000000e+03 8.660519999999999330e-02
3.378000000000000000e+03 8.715779999999999361e-02
3.379000000000000000e+03 8.771249999999999880e-02
3.380000000000000000e+03 8.826960000000000361e-02
3.381000000000000000e+03 8.879910000000000581e-02
3.382000000000000000e+03 8.933059999999999612e-02
3.383000000000000000e+03 8.986420000000000519e-02
3.384000000000000000e+03 9.039980000000000238e-02
3.385000000000000000e+03 9.093740000000000157e-02
3.386000000000000000e+03 9.137339999999999351e-02
3.387000000000000000e+03 9.181090000000000084e-02
3.388000000000000000e+03 9.224970000000000392e-02
3.389000000000000000e+03 9.268990000000000562e-02
3.390000000000000000e+03 9.313119999999999732e-02
3.391000000000000000e+03 9.353190000000000115e-02
3.392000000000000000e+03 9.393350000000000311e-02
3.393000000000000000e+03 9.433590000000000031e-02
3.394000000000000000e+03 9.473900000000000376e-02
3.395000000000000000e+03 9.514300000000000535e-02
3.396000000000000000e+03 9.547590000000000243e-02
3.397000000000000000e+03 9.580900000000000527e-02
3.398000000000000000e+03 9.614219999999999711e-02
3.399000000000000000e+03 9.647569999999999757e-02
3.400000000000000000e+03 9.680930000000000091e-02
3.401000000000000000e+03 9.717860000000000387e-02
3.402000000000000000e+03 9.754849999999999632e-02
3.403000000000000000e+03 9.791900000000000603e-02
3.404000000000000000e+03 9.829010000000000524e-02
3.405000000000000000e+03 9.866189999999999682e-02
3.406000000000000000e+03 9.910829999999999640e-02
3.407000000000000000e+03 9.955579999999999985e-02
3.408000000000000000e+03 1.000049999999999967e-01
3.409000000000000000e+03 1.004550000000000026e-01
3.410000000000000000e+03 1.009059999999999957e-01
3.411000000000000000e+03 1.013270000000000004e-01
3.412000000000000000e+03 1.017490000000000061e-01
3.413000000000000000e+03 1.021719999999999989e-01
3.414000000000000000e+03 1.025969999999999938e-01
3.415000000000000000e+03 1.030230000000000035e-01
3.416000000000000000e+03 1.034500000000000003e-01
3.417000000000000000e+03 1.038789999999999991e-01
3.418000000000000000e+03 1.043089999999999989e-01
3.419000000000000000e+03 1.047410000000000008e-01
3.420000000000000000e+03 1.051730000000000026e-01
3.421000000000000000e+03 1.055809999999999943e-01
3.422000000000000000e+03 1.059900000000000009e-01
3.423000000000000000e+03 1.063999999999999946e-01
3.424000000000000000e+03 1.068100000000000022e-01
3.425000000000000000e+03 1.072219999999999979e-01
3.426000000000000000e+03 1.075549999999999978e-01
3.427000000000000000e+03 1.078899999999999998e-01
3.428000000000000000e+03 1.082240000000000008e-01
3.429000000000000000e+03 1.085590000000000027e-01
3.430000000000000000e+03 1.088940000000000047e-01
3.431000000000000000e+03 1.092039999999999955e-01
3.432000000000000000e+03 1.095150000000000012e-01
3.433000000000000000e+03 1.098259999999999931e-01
3.434000000000000000e+03 1.101369999999999988e-01
3.435000000000000000e+03 1.104490000000000055e-01
3.436000000000000000e+03 1.107619999999999993e-01
3.437000000000000000e+03 1.110749999999999932e-01
3.438000000000000000e+03 1.113890000000000019e-01
3.439000000000000000e+03 1.117039999999999977e-01
3.440000000000000000e+03 1.120189999999999936e-01
3.441000000000000000e+03 1.123740000000000017e-01
3.442000000000000000e+03 1.127289999999999959e-01
3.443000000000000000e+03 1.130850000000000050e-01
3.444000000000000000e+03 1.134410000000000002e-01
3.445000000000000000e+03 1.137979999999999964e-01
3.446000000000000000e+03 1.142370000000000052e-01
3.447000000000000000e+03 1.146770000000000012e-01
3.448000000000000000e+03 1.151179999999999981e-01
3.449000000000000000e+03 1.155589999999999951e-01
3.450000000000000000e+03 1.160010000000000069e-01
3.451000000000000000e+03 1.163929999999999965e-01
3.452000000000000000e+03 1.167860000000000009e-01
3.453000000000000000e+03 1.171800000000000064e-01
3.454000000000000000e+03 1.175729999999999970e-01
3.455000000000000000e+03 1.179670000000000024e-01
3.456000000000000000e+03 1.183180000000000065e-01
3.457000000000000000e+03 1.186699999999999977e-01
3.458000000000000000e+03 1.190220000000000028e-01
3.459000000000000000e+03 1.193749999999999950e-01
3.460000000000000000e+03 1.197280000000000011e-01
3.461000000000000000e+03 1.200669999999999932e-01
3.462000000000000000e+03 1.204059999999999991e-01
3.463000000000000000e+03 1.207460000000000061e-01
3.464000000000000000e+03 1.210859999999999992e-01
3.465000000000000000e+03 1.214279999999999943e-01
3.466000000000000000e+03 1.217700000000000032e-01
3.467000000000000000e+03 1.221129999999999993e-01
3.468000000000000000e+03 1.224569999999999964e-01
3.469000000000000000e+03 1.228009999999999935e-01
3.470000000000000000e+03 1.231450000000000045e-01
3.471000000000000000e+03 1.234940000000000065e-01
3.472000000000000000e+03 1.238419999999999938e-01
3.473000000000000000e+03 1.241919999999999968e-01
3.474000000000000000e+03 1.245419999999999999e-01
3.475000000000000000e+03 1.248930000000000040e-01
3.476000000000000000e+03 1.252439999999999942e-01
3.477000000000000000e+03 1.255960000000000132e-01
3.478000000000000000e+03 1.259480000000000044e-01
3.479000000000000000e+03 1.263009999999999966e-01
3.480000000000000000e+03 1.266549999999999898e-01
3.481000000000000000e+03 1.269969999999999988e-01
3.482000000000000000e+03 1.273400000000000087e-01
3.483000000000000000e+03 1.276839999999999919e-01
3.484000000000000000e+03 1.280280000000000029e-01
3.485000000000000000e+03 1.283729999999999871e-01
3.486000000000000000e+03 1.287649999999999906e-01
3.487000000000000000e+03 1.291569999999999940e-01
3.488000000000000000e+03 1.295509999999999995e-01
3.489000000000000000e+03 1.299450000000000049e-01
3.490000000000000000e+03 1.303400000000000114e-01
3.491000000000000000e+03 1.306769999999999876e-01
3.492000000000000000e+03 1.310139999999999916e-01
3.493000000000000000e+03 1.313509999999999955e-01
3.494000000000000000e+03 1.316879999999999995e-01
3.495000000000000000e+03 1.320250000000000035e-01
3.496000000000000000e+03 1.323610000000000064e-01
3.497000000000000000e+03 1.326960000000000084e-01
3.498000000000000000e+03 1.330310000000000104e-01
3.499000000000000000e+03 1.333660000000000123e-01
3.500000000000000000e+03 1.337000000000000133e-01
3.501000000000000000e+03 1.339869999999999950e-01
3.502000000000000000e+03 1.342740000000000045e-01
3.503000000000000000e+03 1.345600000000000129e-01
3.504000000000000000e+03 1.348449999999999926e-01
3.505000000000000000e+03 1.351300000000000001e-01
3.506000000000000000e+03 1.354609999999999981e-01
3.507000000000000000e+03 1.357919999999999960e-01
3.508000000000000000e+03 1.361229999999999940e-01
3.509000000000000000e+03 1.364529999999999910e-01
3.510000000000000000e+03 1.367839999999999889e-01
3.511000000000000000e+03 1.370480000000000032e-01
3.512000000000000000e+03 1.373129999999999906e-01
3.513000000000000000e+03 1.375770000000000048e-01
3.514000000000000000e+03 1.378419999999999923e-01
3.515000000000000000e+03 1.381080000000000085e-01
3.516000000000000000e+03 1.384229999999999905e-01
3.517000000000000000e+03 1.387369999999999992e-01
3.518000000000000000e+03 1.390520000000000089e-01
3.519000000000000000e+03 1.393669999999999909e-01
3.520000000000000000e+03 1.396830000000000016e-01
3.521000000000000000e+03 1.400619999999999921e-01
3.522000000000000000e+03 1.404420000000000113e-01
3.523000000000000000e+03 1.408230000000000037e-01
3.524000000000000000e+03 1.412039999999999962e-01
3.525000000000000000e+03 1.415859999999999896e-01
3.526000000000000000e+03 1.419199999999999906e-01
3.527000000000000000e+03 1.422539999999999916e-01
3.528000000000000000e+03 1.425889999999999935e-01
3.529000000000000000e+03 1.429249999999999965e-01
3.530000000000000000e+03 1.432609999999999995e-01
3.531000000000000000e+03 1.435700000000000032e-01
3.532000000000000000e+03 1.438790000000000069e-01
3.533000000000000000e+03 1.441890000000000116e-01
3.534000000000000000e+03 1.444989999999999886e-01
3.535000000000000000e+03 1.448099999999999943e-01
3.536000000000000000e+03 1.450720000000000065e-01
3.537000000000000000e+03 1.453349999999999920e-01
3.538000000000000000e+03 1.455970000000000042e-01
3.539000000000000000e+03 1.458599999999999897e-01
3.540000000000000000e+03 1.461240000000000039e-01
3.541000000000000000e+03 1.464580000000000048e-01
3.542000000000000000e+03 1.467920000000000058e-01
3.543000000000000000e+03 1.471280000000000088e-01
3.544000000000000000e+03 1.474630000000000107e-01
3.545000000000000000e+03 1.477999999999999869e-01
3.546000000000000000e+03 1.481369999999999909e-01
3.547000000000000000e+03 1.484749999999999959e-01
3.548000000000000000e+03 1.488140000000000018e-01
3.549000000000000000e+03 1.491530000000000078e-01
3.550000000000000000e+03 1.494929999999999870e-01
3.551000000000000000e+03 1.498130000000000017e-01
3.552000000000000000e+03 1.501339999999999897e-01
3.553000000000000000e+03 1.504550000000000054e-01
3.554000000000000000e+03 1.507769999999999944e-01
3.555000000000000000e+03 1.511000000000000121e-01
3.556000000000000000e+03 1.514230000000000020e-01
3.557000000000000000e+03 1.517469999999999930e-01
3.558000000000000000e+03 1.520720000000000127e-01
3.559000000000000000e+03 1.523970000000000047e-01
3.560000000000000000e+03 1.527229999999999976e-01
3.561000000000000000e+03 1.529949999999999921e-01
3.562000000000000000e+03 1.532679999999999876e-01
3.563000000000000000e+03 1.535410000000000108e-01
3.564000000000000000e+03 1.538140000000000063e-01
3.565000000000000000e+03 1.540870000000000017e-01
3.566000000000000000e+03 1.544119999999999937e-01
3.567000000000000000e+03 1.547370000000000134e-01
3.568000000000000000e+03 1.550620000000000054e-01
3.569000000000000000e+03 1.553879999999999983e-01
3.570000000000000000e+03 1.557139999999999913e-01
3.571000000000000000e+03 1.560380000000000100e-01
3.572000000000000000e+03 1.563620000000000010e-01
3.573000000000000000e+03 1.566859999999999919e-01
3.574000000000000000e+03 1.570110000000000117e-01
3.575000000000000000e+03 1.573360000000000036e-01
3.576000000000000000e+03 1.576609999999999956e-01
3.577000000000000000e+03 1.579869999999999886e-01
3.578000000000000000e+03 1.583140000000000103e-01
3.579000000000000000e+03 1.586400000000000032e-01
3.580000000000000000e+03 1.589679999999999982e-01
3.581000000000000000e+03 1.593019999999999992e-01
3.582000000000000000e+03 1.596370000000000011e-01
3.583000000000000000e+03 1.599730000000000041e-01
3.584000000000000000e+03 1.603090000000000070e-01
3.585000000000000000e+03 1.606450000000000100e-01
3.586000000000000000e+03 1.609289999999999887e-01
3.587000000000000000e+03 1.612129999999999952e-01
3.588000000000000000e+03 1.614970000000000017e-01
3.589000000000000000e+03 1.617820000000000091e-01
3.590000000000000000e+03 1.620669999999999888e-01
3.591000000000000000e+03 1.623920000000000086e-01
3.592000000000000000e+03 1.627180000000000015e-01
3.593000000000000000e+03 1.630449999999999955e-01
3.594000000000000000e+03 1.633719999999999895e-01
3.595000000000000000e+03 1.637000000000000122e-01
3.596000000000000000e+03 1.640290000000000081e-01
3.597000000000000000e+03 1.643580000000000041e-01
3.598000000000000000e+03 1.646880000000000011e-01
3.599000000000000000e+03 1.650189999999999990e-01
3.600000000000000000e+03 1.653499999999999970e-01
3.601000000000000000e+03 1.656160000000000132e-01
3.602000000000000000e+03 1.658820000000000017e-01
3.603000000000000000e+03 1.661489999999999911e-01
3.604000000000000000e+03 1.664160000000000084e-01
3.605000000000000000e+03 1.666839999999999988e-01
3.606000000000000000e+03 1.670059999999999878e-01
3.607000000000000000e+03 1.673290000000000055e-01
3.608000000000000000e+03 1.676529999999999965e-01
3.609000000000000000e+03 1.679769999999999874e-01
3.610000000000000000e+03 1.683020000000000072e-01
3.611000000000000000e+03 1.686390000000000111e-01
3.612000000000000000e+03 1.689769999999999883e-01
3.613000000000000000e+03 1.693149999999999933e-01
3.614000000000000000e+03 1.696529999999999982e-01
3.615000000000000000e+03 1.699920000000000042e-01
3.616000000000000000e+03 1.703310000000000102e-01
3.617000000000000000e+03 1.706709999999999894e-01
3.618000000000000000e+03 1.710119999999999973e-01
3.619000000000000000e+03 1.713530000000000053e-01
3.620000000000000000e+03 1.716940000000000133e-01
3.621000000000000000e+03 1.719739999999999880e-01
3.622000000000000000e+03 1.722549999999999915e-01
3.623000000000000000e+03 1.725359999999999949e-01
3.624000000000000000e+03 1.728169999999999984e-01
3.625000000000000000e+03 1.730980000000000019e-01
3.626000000000000000e+03 1.734360000000000068e-01
3.627000000000000000e+03 1.737730000000000108e-01
3.628000000000000000e+03 1.741109999999999880e-01
3.629000000000000000e+03 1.744499999999999940e-01
3.630000000000000000e+03 1.747879999999999989e-01
3.631000000000000000e+03 1.751219999999999999e-01
3.632000000000000000e+03 1.754570000000000018e-01
3.633000000000000000e+03 1.757920000000000038e-01
3.634000000000000000e+03 1.761270000000000058e-01
3.635000000000000000e+03 1.764620000000000077e-01
3.636000000000000000e+03 1.767420000000000102e-01
3.637000000000000000e+03 1.770210000000000117e-01
3.638000000000000000e+03 1.773009999999999864e-01
3.639000000000000000e+03 1.775819999999999899e-01
3.640000000000000000e+03 1.778629999999999933e-01
3.641000000000000000e+03 1.781919999999999893e-01
3.642000000000000000e+03 1.785219999999999863e-01
3.643000000000000000e+03 1.788530000000000120e-01
3.644000000000000000e+03 1.791840000000000099e-01
3.645000000000000000e+03 1.795150000000000079e-01
3.646000000000000000e+03 1.798470000000000069e-01
3.647000000000000000e+03 1.801800000000000068e-01
3.648000000000000000e+03 1.805120000000000058e-01
3.649000000000000000e+03 1.808460000000000067e-01
3.650000000000000000e+03 1.811790000000000067e-01
3.651000000000000000e+03 1.814560000000000062e-01
3.652000000000000000e+03 1.817320000000000046e-01
3.653000000000000000e+03 1.820090000000000041e-01
3.654000000000000000e+03 1.822860000000000036e-01
3.655000000000000000e+03 1.825640000000000041e-01
3.656000000000000000e+03 1.828990000000000060e-01
3.657000000000000000e+03 1.832340000000000080e-01
3.658000000000000000e+03 1.835690000000000099e-01
3.659000000000000000e+03 1.839050000000000129e-01
3.660000000000000000e+03 1.842409999999999881e-01
3.661000000000000000e+03 1.845710000000000128e-01
3.662000000000000000e+03 1.849020000000000108e-01
3.663000000000000000e+03 1.852330000000000088e-01
3.664000000000000000e+03 1.855650000000000077e-01
3.665000000000000000e+03 1.858970000000000067e-01
3.666000000000000000e+03 1.861720000000000041e-01
3.667000000000000000e+03 1.864470000000000016e-01
3.668000000000000000e+03 1.867219999999999991e-01
3.669000000000000000e+03 1.869979999999999976e-01
3.670000000000000000e+03 1.872739999999999960e-01
3.671000000000000000e+03 1.876069999999999960e-01
3.672000000000000000e+03 1.879419999999999980e-01
3.673000000000000000e+03 1.882759999999999989e-01
3.674000000000000000e+03 1.886110000000000009e-01
3.675000000000000000e+03 1.889460000000000028e-01
3.676000000000000000e+03 1.892820000000000058e-01
3.677000000000000000e+03 1.896180000000000088e-01
3.678000000000000000e+03 1.899550000000000127e-01
3.679000000000000000e+03 1.902909999999999879e-01
3.680000000000000000e+03 1.906279999999999919e-01
3.681000000000000000e+03 1.909069999999999934e-01
3.682000000000000000e+03 1.911859999999999948e-01
3.683000000000000000e+03 1.914649999999999963e-01
3.684000000000000000e+03 1.917439999999999978e-01
3.685000000000000000e+03 1.920240000000000002e-01
3.686000000000000000e+03 1.923630000000000062e-01
3.687000000000000000e+03 1.927039999999999864e-01
3.688000000000000000e+03 1.930439999999999934e-01
3.689000000000000000e+03 1.933850000000000013e-01
3.690000000000000000e+03 1.937260000000000093e-01
3.691000000000000000e+03 1.940000000000000058e-01
3.692000000000000000e+03 1.942730000000000012e-01
3.693000000000000000e+03 1.945459999999999967e-01
3.694000000000000000e+03 1.948189999999999922e-01
3.695000000000000000e+03 1.950919999999999876e-01
3.696000000000000000e+03 1.954239999999999866e-01
3.697000000000000000e+03 1.957569999999999866e-01
3.698000000000000000e+03 1.960880000000000123e-01
3.699000000000000000e+03 1.964200000000000113e-01
3.700000000000000000e+03 1.967510000000000092e-01
3.701000000000000000e+03 1.970760000000000012e-01
3.702000000000000000e+03 1.974019999999999941e-01
3.703000000000000000e+03 1.977270000000000139e-01
3.704000000000000000e+03 1.980510000000000048e-01
3.705000000000000000e+03 1.983749999999999958e-01
3.706000000000000000e+03 1.986380000000000090e-01
3.707000000000000000e+03 1.988999999999999935e-01
3.708000000000000000e+03 1.991620000000000057e-01
3.709000000000000000e+03 1.994229999999999892e-01
3.710000000000000000e+03 1.996840000000000004e-01
3.711000000000000000e+03 2.000000000000000111e-01
3.712000000000000000e+03 2.003159999999999941e-01
3.713000000000000000e+03 2.006320000000000048e-01
3.714000000000000000e+03 2.009489999999999887e-01
3.715000000000000000e+03 2.012660000000000005e-01
3.716000000000000000e+03 2.015220000000000067e-01
3.717000000000000000e+03 2.017780000000000129e-01
3.718000000000000000e+03 2.020339999999999914e-01
3.719000000000000000e+03 2.022899999999999976e-01
3.720000000000000000e+03 2.025460000000000038e-01
3.721000000000000000e+03 2.028570000000000095e-01
3.722000000000000000e+03 2.031679999999999875e-01
3.723000000000000000e+03 2.034789999999999932e-01
3.724000000000000000e+03 2.037899999999999989e-01
3.725000000000000000e+03 2.041020000000000056e-01
3.726000000000000000e+03 2.043510000000000049e-01
3.727000000000000000e+03 2.046010000000000051e-01
3.728000000000000000e+03 2.048510000000000053e-01
3.729000000000000000e+03 2.051010000000000055e-01
3.730000000000000000e+03 2.053520000000000068e-01
3.731000000000000000e+03 2.056709999999999927e-01
3.732000000000000000e+03 2.059900000000000064e-01
3.733000000000000000e+03 2.063099999999999934e-01
3.734000000000000000e+03 2.066300000000000081e-01
3.735000000000000000e+03 2.069509999999999961e-01
3.736000000000000000e+03 2.072090000000000043e-01
3.737000000000000000e+03 2.074670000000000125e-01
3.738000000000000000e+03 2.077249999999999930e-01
3.739000000000000000e+03 2.079840000000000022e-01
3.740000000000000000e+03 2.082430000000000114e-01
3.741000000000000000e+03 2.085529999999999884e-01
3.742000000000000000e+03 2.088639999999999941e-01
3.743000000000000000e+03 2.091760000000000008e-01
3.744000000000000000e+03 2.094880000000000075e-01
3.745000000000000000e+03 2.098019999999999885e-01
3.746000000000000000e+03 2.100529999999999897e-01
3.747000000000000000e+03 2.103049999999999919e-01
3.748000000000000000e+03 2.105579999999999952e-01
3.749000000000000000e+03 2.108130000000000004e-01
3.750000000000000000e+03 2.110680000000000056e-01
3.751000000000000000e+03 2.113909999999999956e-01
3.752000000000000000e+03 2.117149999999999865e-01
3.753000000000000000e+03 2.120410000000000073e-01
3.754000000000000000e+03 2.123670000000000002e-01
3.755000000000000000e+03 2.126949999999999952e-01
3.756000000000000000e+03 2.129600000000000104e-01
3.757000000000000000e+03 2.132249999999999979e-01
3.758000000000000000e+03 2.134919999999999873e-01
3.759000000000000000e+03 2.137590000000000046e-01
3.760000000000000000e+03 2.140269999999999950e-01
3.761000000000000000e+03 2.143539999999999890e-01
3.762000000000000000e+03 2.146830000000000127e-01
3.763000000000000000e+03 2.150110000000000077e-01
3.764000000000000000e+03 2.153400000000000036e-01
3.765000000000000000e+03 2.156689999999999996e-01
3.766000000000000000e+03 2.159330000000000138e-01
3.767000000000000000e+03 2.161980000000000013e-01
3.768000000000000000e+03 2.164629999999999888e-01
3.769000000000000000e+03 2.167280000000000040e-01
3.770000000000000000e+03 2.169939999999999924e-01
3.771000000000000000e+03 2.173140000000000072e-01
3.772000000000000000e+03 2.176339999999999941e-01
3.773000000000000000e+03 2.179550000000000098e-01
3.774000000000000000e+03 2.182759999999999978e-01
3.775000000000000000e+03 2.185979999999999868e-01
3.776000000000000000e+03 2.188539999999999930e-01
3.777000000000000000e+03 2.191110000000000002e-01
3.778000000000000000e+03 2.193680000000000074e-01
3.779000000000000000e+03 2.196249999999999869e-01
3.780000000000000000e+03 2.198819999999999941e-01
3.781000000000000000e+03 2.201990000000000058e-01
3.782000000000000000e+03 2.205159999999999898e-01
3.783000000000000000e+03 2.208330000000000015e-01
3.784000000000000000e+03 2.211509999999999865e-01
3.785000000000000000e+03 2.214679999999999982e-01
3.786000000000000000e+03 2.217200000000000004e-01
3.787000000000000000e+03 2.219720000000000026e-01
3.788000000000000000e+03 2.222230000000000039e-01
3.789000000000000000e+03 2.224750000000000061e-01
3.790000000000000000e+03 2.227270000000000083e-01
3.791000000000000000e+03 2.229750000000000065e-01
3.792000000000000000e+03 2.232220000000000037e-01
3.793000000000000000e+03 2.231390000000000040e-01
3.794000000000000000e+03 2.230550000000000033e-01
3.795000000000000000e+03 2.228479999999999905e-01
3.796000000000000000e+03 2.227059999999999873e-01
3.797000000000000000e+03 2.225749999999999951e-01
3.798000000000000000e+03 2.224440000000000028e-01
3.799000000000000000e+03 2.223120000000000096e-01
3.800000000000000000e+03 2.221789999999999876e-01
3.801000000000000000e+03 2.219790000000000096e-01
3.802000000000000000e+03 2.217780000000000029e-01
3.803000000000000000e+03 2.215880000000000072e-01
3.804000000000000000e+03 2.213980000000000115e-01
3.805000000000000000e+03 2.211950000000000027e-01
3.806000000000000000e+03 2.210560000000000025e-01
3.807000000000000000e+03 2.209280000000000133e-01
3.808000000000000000e+03 2.207989999999999953e-01
3.809000000000000000e+03 2.206690000000000040e-01
3.810000000000000000e+03 2.205380000000000118e-01
3.811000000000000000e+03 2.203229999999999911e-01
3.812000000000000000e+03 2.201069999999999971e-01
3.813000000000000000e+03 2.199029999999999874e-01
3.814000000000000000e+03 2.196980000000000044e-01
3.815000000000000000e+03 2.194800000000000084e-01
3.816000000000000000e+03 2.193249999999999922e-01
3.817000000000000000e+03 2.191819999999999879e-01
3.818000000000000000e+03 2.190370000000000095e-01
3.819000000000000000e+03 2.188920000000000032e-01
3.820000000000000000e+03 2.187459999999999960e-01
3.821000000000000000e+03 2.185140000000000138e-01
3.822000000000000000e+03 2.182800000000000018e-01
3.823000000000000000e+03 2.180590000000000028e-01
3.824000000000000000e+03 2.178370000000000029e-01
3.825000000000000000e+03 2.176009999999999889e-01
3.826000000000000000e+03 2.174290000000000112e-01
3.827000000000000000e+03 2.171520000000000117e-01
3.828000000000000000e+03 2.168750000000000122e-01
3.829000000000000000e+03 2.162360000000000115e-01
3.830000000000000000e+03 2.155940000000000079e-01
3.831000000000000000e+03 2.148760000000000114e-01
3.832000000000000000e+03 2.141560000000000130e-01
3.833000000000000000e+03 2.134340000000000126e-01
3.834000000000000000e+03 2.127100000000000102e-01
3.835000000000000000e+03 2.119969999999999910e-01
3.836000000000000000e+03 2.112819999999999976e-01
3.837000000000000000e+03 2.105519999999999892e-01
3.838000000000000000e+03 2.098200000000000065e-01
3.839000000000000000e+03 2.090859999999999941e-01
3.840000000000000000e+03 2.083490000000000064e-01
3.841000000000000000e+03 2.076250000000000040e-01
3.842000000000000000e+03 2.068989999999999996e-01
3.843000000000000000e+03 2.061699999999999922e-01
3.844000000000000000e+03 2.054400000000000115e-01
3.845000000000000000e+03 2.047200000000000131e-01
3.846000000000000000e+03 2.040569999999999884e-01
3.847000000000000000e+03 2.033780000000000032e-01
3.848000000000000000e+03 2.026969999999999883e-01
3.849000000000000000e+03 2.020129999999999981e-01
3.850000000000000000e+03 2.013260000000000050e-01
3.851000000000000000e+03 2.005579999999999863e-01
3.852000000000000000e+03 1.997879999999999934e-01
3.853000000000000000e+03 1.990149999999999975e-01
3.854000000000000000e+03 1.982410000000000005e-01
3.855000000000000000e+03 1.974789999999999879e-01
3.856000000000000000e+03 1.967710000000000015e-01
3.857000000000000000e+03 1.960469999999999990e-01
3.858000000000000000e+03 1.953209999999999946e-01
3.859000000000000000e+03 1.945929999999999882e-01
3.860000000000000000e+03 1.938620000000000065e-01
3.861000000000000000e+03 1.930850000000000066e-01
3.862000000000000000e+03 1.923070000000000057e-01
3.863000000000000000e+03 1.915270000000000028e-01
3.864000000000000000e+03 1.907439999999999969e-01
3.865000000000000000e+03 1.899740000000000040e-01
3.866000000000000000e+03 1.892020000000000091e-01
3.867000000000000000e+03 1.884139999999999981e-01
3.868000000000000000e+03 1.876249999999999862e-01
3.869000000000000000e+03 1.868340000000000001e-01
3.870000000000000000e+03 1.860410000000000119e-01
3.871000000000000000e+03 1.852910000000000112e-01
3.872000000000000000e+03 1.845390000000000086e-01
3.873000000000000000e+03 1.837850000000000039e-01
3.874000000000000000e+03 1.830289999999999973e-01
3.875000000000000000e+03 1.822830000000000006e-01
3.876000000000000000e+03 1.814840000000000064e-01
3.877000000000000000e+03 1.806689999999999963e-01
3.878000000000000000e+03 1.798530000000000129e-01
3.879000000000000000e+03 1.790339999999999987e-01
3.880000000000000000e+03 1.782140000000000113e-01
3.881000000000000000e+03 1.773919999999999941e-01
3.882000000000000000e+03 1.765670000000000017e-01
3.883000000000000000e+03 1.757410000000000083e-01
3.884000000000000000e+03 1.749130000000000129e-01
3.885000000000000000e+03 1.740970000000000018e-01
3.886000000000000000e+03 1.733290000000000108e-01
3.887000000000000000e+03 1.725440000000000029e-01
3.888000000000000000e+03 1.717569999999999930e-01
3.889000000000000000e+03 1.709670000000000079e-01
3.890000000000000000e+03 1.701759999999999939e-01
3.891000000000000000e+03 1.693240000000000023e-01
3.892000000000000000e+03 1.684700000000000086e-01
3.893000000000000000e+03 1.676149999999999862e-01
3.894000000000000000e+03 1.667589999999999906e-01
3.895000000000000000e+03 1.659150000000000069e-01
3.896000000000000000e+03 1.650699999999999945e-01
3.897000000000000000e+03 1.642089999999999939e-01
3.898000000000000000e+03 1.633469999999999922e-01
3.899000000000000000e+03 1.624829999999999885e-01
3.900000000000000000e+03 1.616180000000000117e-01
3.901000000000000000e+03 1.608050000000000035e-01
3.902000000000000000e+03 1.599899999999999933e-01
3.903000000000000000e+03 1.591730000000000089e-01
3.904000000000000000e+03 1.583539999999999948e-01
3.905000000000000000e+03 1.575459999999999916e-01
3.906000000000000000e+03 1.566929999999999990e-01
3.907000000000000000e+03 1.558239999999999903e-01
3.908000000000000000e+03 1.549540000000000084e-01
3.909000000000000000e+03 1.540819999999999967e-01
3.910000000000000000e+03 1.532080000000000108e-01
3.911000000000000000e+03 1.523210000000000119e-01
3.912000000000000000e+03 1.514320000000000110e-01
3.913000000000000000e+03 1.505410000000000081e-01
3.914000000000000000e+03 1.496490000000000042e-01
3.915000000000000000e+03 1.487690000000000123e-01
3.916000000000000000e+03 1.478869999999999907e-01
3.917000000000000000e+03 1.469900000000000095e-01
3.918000000000000000e+03 1.460909999999999986e-01
3.919000000000000000e+03 1.451900000000000135e-01
3.920000000000000000e+03 1.442869999999999986e-01
3.921000000000000000e+03 1.434249999999999969e-01
3.922000000000000000e+03 1.425609999999999933e-01
3.923000000000000000e+03 1.416949999999999876e-01
3.924000000000000000e+03 1.408260000000000067e-01
3.925000000000000000e+03 1.399690000000000101e-01
3.926000000000000000e+03 1.390699999999999992e-01
3.927000000000000000e+03 1.381560000000000010e-01
3.928000000000000000e+03 1.372389999999999999e-01
3.929000000000000000e+03 1.363199999999999967e-01
3.930000000000000000e+03 1.353999999999999926e-01
3.931000000000000000e+03 1.344809999999999894e-01
3.932000000000000000e+03 1.335610000000000130e-01
3.933000000000000000e+03 1.326380000000000059e-01
3.934000000000000000e+03 1.317129999999999967e-01
3.935000000000000000e+03 1.308010000000000006e-01
3.936000000000000000e+03 1.299230000000000107e-01
3.937000000000000000e+03 1.290280000000000038e-01
3.938000000000000000e+03 1.281309999999999949e-01
3.939000000000000000e+03 1.272310000000000108e-01
3.940000000000000000e+03 1.263289999999999969e-01
3.941000000000000000e+03 1.253869999999999985e-01
3.942000000000000000e+03 1.244439999999999991e-01
3.943000000000000000e+03 1.234989999999999977e-01
3.944000000000000000e+03 1.225519999999999943e-01
3.945000000000000000e+03 1.216190000000000049e-01
3.946000000000000000e+03 1.206829999999999986e-01
3.947000000000000000e+03 1.197320000000000051e-01
3.948000000000000000e+03 1.187779999999999947e-01
3.949000000000000000e+03 1.178239999999999982e-01
3.950000000000000000e+03 1.168669999999999987e-01
3.951000000000000000e+03 1.159010000000000040e-01
3.952000000000000000e+03 1.149339999999999945e-01
3.953000000000000000e+03 1.139659999999999979e-01
3.954000000000000000e+03 1.129959999999999992e-01
3.955000000000000000e+03 1.120389999999999997e-01
3.956000000000000000e+03 1.110809999999999992e-01
3.957000000000000000e+03 1.101069999999999965e-01
3.958000000000000000e+03 1.091310000000000058e-01
3.959000000000000000e+03 1.081540000000000001e-01
3.960000000000000000e+03 1.071759999999999935e-01
3.961000000000000000e+03 1.062260000000000010e-01
3.962000000000000000e+03 1.052740000000000065e-01
3.963000000000000000e+03 1.043189999999999951e-01
3.964000000000000000e+03 1.033619999999999955e-01
3.965000000000000000e+03 1.024169999999999942e-01
3.966000000000000000e+03 1.014410000000000034e-01
3.967000000000000000e+03 1.004489999999999966e-01
3.968000000000000000e+03 9.945389999999999786e-02
3.969000000000000000e+03 9.845710000000000572e-02
3.970000000000000000e+03 9.745810000000000584e-02
3.971000000000000000e+03 9.645910000000000595e-02
3.972000000000000000e+03 9.545789999999999831e-02
3.973000000000000000e+03 9.445430000000000492e-02
3.974000000000000000e+03 9.344829999999999803e-02
3.975000000000000000e+03 9.245490000000000652e-02
3.976000000000000000e+03 9.145920000000000438e-02
3.977000000000000000e+03 9.044620000000000437e-02
3.978000000000000000e+03 8.943099999999999661e-02
3.979000000000000000e+03 8.841359999999999497e-02
3.980000000000000000e+03 8.739399999999999946e-02
3.981000000000000000e+03 8.636910000000000420e-02
3.982000000000000000e+03 8.534219999999999307e-02
3.983000000000000000e+03 8.431339999999999668e-02
3.984000000000000000e+03 8.328280000000000405e-02
3.985000000000000000e+03 8.226540000000000241e-02
3.986000000000000000e+03 8.126869999999999927e-02
3.987000000000000000e+03 8.025450000000000639e-02
3.988000000000000000e+03 7.923779999999999712e-02
3.989000000000000000e+03 7.821870000000000211e-02
3.990000000000000000e+03 7.719719999999999360e-02
3.991000000000000000e+03 7.615199999999999747e-02
3.992000000000000000e+03 7.510509999999999409e-02
3.993000000000000000e+03 7.405639999999999445e-02
3.994000000000000000e+03 7.300610000000000432e-02
3.995000000000000000e+03 7.196929999999999994e-02
3.996000000000000000e+03 7.093080000000000218e-02
3.997000000000000000e+03 6.987540000000000417e-02
3.998000000000000000e+03 6.881819999999999604e-02
3.999000000000000000e+03 6.775929999999999453e-02
4.000000000000000000e+03 6.669869999999999965e-02
4.001000000000000000e+03 6.563289999999999402e-02
4.002000000000000000e+03 6.456549999999999789e-02
4.003000000000000000e+03 6.349649999999999739e-02
4.004000000000000000e+03 6.242579999999999657e-02
4.005000000000000000e+03 6.136880000000000113e-02
4.006000000000000000e+03 6.031009999999999843e-02
4.007000000000000000e+03 5.923450000000000243e-02
4.008000000000000000e+03 5.815730000000000205e-02
4.009000000000000000e+03 5.707840000000000136e-02
4.010000000000000000e+03 5.599790000000000323e-02
4.011000000000000000e+03 5.492949999999999916e-02
4.012000000000000000e+03 5.385890000000000122e-02
4.013000000000000000e+03 5.278610000000000246e-02
4.014000000000000000e+03 5.171110000000000290e-02
4.015000000000000000e+03 5.064939999999999720e-02
4.016000000000000000e+03 4.957199999999999801e-02
4.017000000000000000e+03 4.847749999999999976e-02
4.018000000000000000e+03 4.738139999999999713e-02
4.019000000000000000e+03 4.628360000000000113e-02
4.020000000000000000e+03 4.518429999999999669e-02
4.021000000000000000e+03 4.408539999999999681e-02
4.022000000000000000e+03 4.298470000000000069e-02
4.023000000000000000e+03 4.188229999999999731e-02
4.024000000000000000e+03 4.077820000000000056e-02
4.025000000000000000e+03 3.968800000000000106e-02
4.026000000000000000e+03 3.859599999999999836e-02
4.027000000000000000e+03 3.748680000000000068e-02
4.028000000000000000e+03 3.637579999999999980e-02
4.029000000000000000e+03 3.526309999999999861e-02
4.030000000000000000e+03 3.414869999999999711e-02
4.031000000000000000e+03 3.303339999999999749e-02
4.032000000000000000e+03 3.191630000000000161e-02
4.033000000000000000e+03 3.079739999999999908e-02
4.034000000000000000e+03 2.967670000000000030e-02
4.035000000000000000e+03 2.885240000000000027e-02
4.036000000000000000e+03 2.802690000000000042e-02
4.037000000000000000e+03 2.746730000000000005e-02
4.038000000000000000e+03 2.690680000000000155e-02
4.039000000000000000e+03 2.636109999999999842e-02
4.040000000000000000e+03 2.581460000000000005e-02
4.041000000000000000e+03 2.526420000000000055e-02
4.042000000000000000e+03 2.471310000000000173e-02
4.043000000000000000e+03 2.414550000000000030e-02
4.044000000000000000e+03 2.357700000000000073e-02
4.045000000000000000e+03 2.302360000000000170e-02
4.046000000000000000e+03 2.247549999999999895e-02
4.047000000000000000e+03 2.191059999999999883e-02
4.048000000000000000e+03 2.134449999999999889e-02
4.049000000000000000e+03 2.079320000000000127e-02
4.050000000000000000e+03 2.024079999999999976e-02
4.051000000000000000e+03 1.968289999999999970e-02
4.052000000000000000e+03 1.912420000000000092e-02
4.053000000000000000e+03 1.854870000000000130e-02
4.054000000000000000e+03 1.797249999999999889e-02
4.055000000000000000e+03 1.741130000000000108e-02
4.056000000000000000e+03 1.684930000000000108e-02
4.057000000000000000e+03 1.627059999999999965e-02
4.058000000000000000e+03 1.569100000000000009e-02
4.059000000000000000e+03 1.512649999999999932e-02
4.060000000000000000e+03 1.456129999999999924e-02
4.061000000000000000e+03 1.399549999999999926e-02
4.062000000000000000e+03 1.342890000000000056e-02
4.063000000000000000e+03 1.284549999999999928e-02
4.064000000000000000e+03 1.226110000000000047e-02
4.065000000000000000e+03 1.169199999999999927e-02
4.066000000000000000e+03 1.112199999999999994e-02
4.067000000000000000e+03 1.053510000000000037e-02
4.068000000000000000e+03 9.947269999999999376e-03
4.069000000000000000e+03 9.374709999999999641e-03
4.070000000000000000e+03 8.801299999999999749e-03
4.071000000000000000e+03 8.226660000000000222e-03
4.072000000000000000e+03 7.651220000000000243e-03
4.073000000000000000e+03 7.058830000000000313e-03
4.074000000000000000e+03 6.465620000000000048e-03
4.075000000000000000e+03 5.887759999999999695e-03
4.076000000000000000e+03 5.309109999999999698e-03
4.077000000000000000e+03 4.713450000000000105e-03
4.078000000000000000e+03 4.116980000000000119e-03
4.079000000000000000e+03 3.535899999999999807e-03
4.080000000000000000e+03 2.954019999999999910e-03
4.081000000000000000e+03 2.371390000000000130e-03
4.082000000000000000e+03 1.787940000000000015e-03
4.083000000000000000e+03 1.187389999999999973e-03
4.084000000000000000e+03 5.859770000000000039e-04
4.085000000000000000e+03 2.931969999999999780e-04
