5.370000000000000000e+03 4.419110000000000039e-13
5.371000000000000000e+03 8.201270000000000305e-04
5.372000000000000000e+03 1.640390000000000034e-03
5.373000000000000000e+03 2.460780000000000085e-03
5.374000000000000000e+03 3.281300000000000015e-03
5.375000000000000000e+03 4.101959999999999981e-03
5.376000000000000000e+03 4.923860000000000389e-03
5.377000000000000000e+03 5.767869999999999595e-03
5.378000000000000000e+03 6.612400000000000048e-03
5.379000000000000000e+03 7.435830000000000044e-03
5.380000000000000000e+03 8.259759999999999672e-03
5.381000000000000000e+03 9.081409999999999830e-03
5.382000000000000000e+03 9.903059999999999988e-03
5.383000000000000000e+03 1.072470000000000021e-02
5.384000000000000000e+03 1.154640000000000007e-02
5.385000000000000000e+03 1.236800000000000052e-02
5.386000000000000000e+03 1.318970000000000038e-02
5.387000000000000000e+03 1.401140000000000024e-02
5.388000000000000000e+03 1.483300000000000070e-02
5.389000000000000000e+03 1.567630000000000065e-02
5.390000000000000000e+03 1.651969999999999827e-02
5.391000000000000000e+03 1.734209999999999918e-02
5.392000000000000000e+03 1.816450000000000009e-02
5.393000000000000000e+03 1.898700000000000040e-02
5.394000000000000000e+03 1.980950000000000072e-02
5.395000000000000000e+03 2.063210000000000044e-02
5.396000000000000000e+03 2.145470000000000016e-02
5.397000000000000000e+03 2.227729999999999988e-02
5.398000000000000000e+03 2.309989999999999960e-02
5.399000000000000000e+03 2.392249999999999932e-02
5.400000000000000000e+03 2.474519999999999845e-02
5.401000000000000000e+03 2.558830000000000132e-02
5.402000000000000000e+03 2.643140000000000073e-02
5.403000000000000000e+03 2.725270000000000123e-02
5.404000000000000000e+03 2.807400000000000173e-02
5.405000000000000000e+03 2.889509999999999995e-02
5.406000000000000000e+03 2.970940000000000039e-02
5.407000000000000000e+03 3.052310000000000093e-02
5.408000000000000000e+03 3.133640000000000037e-02
5.409000000000000000e+03 3.214920000000000277e-02
5.410000000000000000e+03 3.296149999999999775e-02
5.411000000000000000e+03 3.378250000000000003e-02
5.412000000000000000e+03 3.460339999999999944e-02
5.413000000000000000e+03 3.544599999999999834e-02
5.414000000000000000e+03 3.628850000000000131e-02
5.415000000000000000e+03 3.710949999999999666e-02
5.416000000000000000e+03 3.793060000000000181e-02
5.417000000000000000e+03 3.875159999999999716e-02
5.418000000000000000e+03 3.957270000000000232e-02
5.419000000000000000e+03 4.039390000000000341e-02
5.420000000000000000e+03 4.121500000000000163e-02
5.421000000000000000e+03 4.285649999999999876e-02
5.422000000000000000e+03 4.449800000000000283e-02
5.423000000000000000e+03 4.616109999999999658e-02
5.424000000000000000e+03 4.782419999999999727e-02
5.425000000000000000e+03 4.946579999999999727e-02
5.426000000000000000e+03 5.111879999999999896e-02
5.427000000000000000e+03 5.277260000000000284e-02
5.428000000000000000e+03 5.442700000000000315e-02
5.429000000000000000e+03 5.610380000000000228e-02
5.430000000000000000e+03 5.778130000000000072e-02
5.431000000000000000e+03 5.942499999999999866e-02
5.432000000000000000e+03 6.106860000000000066e-02
5.433000000000000000e+03 6.271229999999999860e-02
5.434000000000000000e+03 6.435599999999999654e-02
5.435000000000000000e+03 6.602139999999999398e-02
5.436000000000000000e+03 6.768670000000000242e-02
5.437000000000000000e+03 6.933050000000000324e-02
5.438000000000000000e+03 7.097420000000000118e-02
5.439000000000000000e+03 7.261810000000000487e-02
5.440000000000000000e+03 7.426209999999999756e-02
5.441000000000000000e+03 7.592970000000000275e-02
5.442000000000000000e+03 7.759749999999999981e-02
5.443000000000000000e+03 7.924399999999999500e-02
5.444000000000000000e+03 8.089090000000000169e-02
5.445000000000000000e+03 8.253800000000000026e-02
5.446000000000000000e+03 8.418559999999999932e-02
5.447000000000000000e+03 8.583349999999999314e-02
5.448000000000000000e+03 8.748169999999999558e-02
5.449000000000000000e+03 8.915190000000000614e-02
5.450000000000000000e+03 9.082250000000000045e-02
5.451000000000000000e+03 9.246509999999999452e-02
5.452000000000000000e+03 9.410770000000000246e-02
5.453000000000000000e+03 9.575039999999999940e-02
5.454000000000000000e+03 9.739319999999999922e-02
5.455000000000000000e+03 9.905769999999999853e-02
5.456000000000000000e+03 1.007220000000000060e-01
5.457000000000000000e+03 1.023649999999999977e-01
5.458000000000000000e+03 1.040080000000000032e-01
5.459000000000000000e+03 1.056509999999999949e-01
5.460000000000000000e+03 1.072940000000000005e-01
5.461000000000000000e+03 1.089689999999999964e-01
5.462000000000000000e+03 1.106440000000000062e-01
5.463000000000000000e+03 1.122969999999999940e-01
5.464000000000000000e+03 1.139509999999999967e-01
5.465000000000000000e+03 1.156049999999999994e-01
5.466000000000000000e+03 1.172590000000000021e-01
5.467000000000000000e+03 1.189349999999999991e-01
5.468000000000000000e+03 1.206119999999999970e-01
5.469000000000000000e+03 1.222670000000000007e-01
5.470000000000000000e+03 1.239220000000000044e-01
5.471000000000000000e+03 1.256069999999999964e-01
5.472000000000000000e+03 1.272919999999999885e-01
5.473000000000000000e+03 1.290000000000000036e-01
5.474000000000000000e+03 1.307099999999999929e-01
5.475000000000000000e+03 1.323979999999999879e-01
5.476000000000000000e+03 1.340580000000000105e-01
5.477000000000000000e+03 1.357170000000000043e-01
5.478000000000000000e+03 1.373769999999999991e-01
5.479000000000000000e+03 1.390589999999999882e-01
5.480000000000000000e+03 1.407410000000000050e-01
5.481000000000000000e+03 1.423929999999999918e-01
5.482000000000000000e+03 1.440460000000000074e-01
5.483000000000000000e+03 1.456979999999999942e-01
5.484000000000000000e+03 1.473500000000000087e-01
5.485000000000000000e+03 1.490239999999999898e-01
5.486000000000000000e+03 1.506989999999999996e-01
5.487000000000000000e+03 1.523509999999999864e-01
5.488000000000000000e+03 1.540040000000000020e-01
5.489000000000000000e+03 1.556569999999999898e-01
5.490000000000000000e+03 1.573090000000000044e-01
5.491000000000000000e+03 1.589839999999999864e-01
5.492000000000000000e+03 1.606589999999999963e-01
5.493000000000000000e+03 1.623120000000000118e-01
5.494000000000000000e+03 1.639660000000000006e-01
5.495000000000000000e+03 1.656189999999999884e-01
5.496000000000000000e+03 1.673099999999999865e-01
5.497000000000000000e+03 1.690020000000000133e-01
5.498000000000000000e+03 1.706950000000000134e-01
5.499000000000000000e+03 1.724110000000000087e-01
5.500000000000000000e+03 1.741270000000000040e-01
5.501000000000000000e+03 1.757879999999999998e-01
5.502000000000000000e+03 1.774489999999999956e-01
5.503000000000000000e+03 1.791109999999999924e-01
5.504000000000000000e+03 1.807729999999999893e-01
5.505000000000000000e+03 1.824560000000000071e-01
5.506000000000000000e+03 1.841399999999999981e-01
5.507000000000000000e+03 1.858019999999999949e-01
5.508000000000000000e+03 1.874639999999999918e-01
5.509000000000000000e+03 1.891269999999999896e-01
5.510000000000000000e+03 1.907899999999999874e-01
5.511000000000000000e+03 1.924740000000000062e-01
5.512000000000000000e+03 1.941579999999999973e-01
5.513000000000000000e+03 1.958209999999999951e-01
5.514000000000000000e+03 1.974839999999999929e-01
5.515000000000000000e+03 1.991479999999999917e-01
5.516000000000000000e+03 2.008109999999999895e-01
5.517000000000000000e+03 2.024970000000000103e-01
5.518000000000000000e+03 2.041820000000000024e-01
5.519000000000000000e+03 2.058460000000000012e-01
5.520000000000000000e+03 2.075100000000000000e-01
5.521000000000000000e+03 2.091729999999999978e-01
5.522000000000000000e+03 2.108349999999999946e-01
5.523000000000000000e+03 2.125190000000000135e-01
5.524000000000000000e+03 2.142040000000000055e-01
5.525000000000000000e+03 2.158660000000000023e-01
5.526000000000000000e+03 2.175290000000000001e-01
5.527000000000000000e+03 2.191919999999999980e-01
5.528000000000000000e+03 2.208559999999999968e-01
5.529000000000000000e+03 2.225409999999999888e-01
5.530000000000000000e+03 2.242260000000000086e-01
5.531000000000000000e+03 2.258930000000000105e-01
5.532000000000000000e+03 2.275610000000000133e-01
5.533000000000000000e+03 2.292289999999999883e-01
5.534000000000000000e+03 2.308969999999999911e-01
5.535000000000000000e+03 2.325869999999999882e-01
5.536000000000000000e+03 2.342779999999999863e-01
5.537000000000000000e+03 2.359459999999999891e-01
5.538000000000000000e+03 2.376149999999999929e-01
5.539000000000000000e+03 2.392839999999999967e-01
5.540000000000000000e+03 2.409540000000000015e-01
5.541000000000000000e+03 2.426460000000000006e-01
5.542000000000000000e+03 2.443390000000000006e-01
5.543000000000000000e+03 2.460090000000000054e-01
5.544000000000000000e+03 2.476810000000000123e-01
5.545000000000000000e+03 2.493519999999999903e-01
5.546000000000000000e+03 2.510800000000000254e-01
5.547000000000000000e+03 2.528090000000000059e-01
5.548000000000000000e+03 2.545390000000000152e-01
5.549000000000000000e+03 2.562920000000000198e-01
5.550000000000000000e+03 2.580459999999999976e-01
5.551000000000000000e+03 2.597130000000000272e-01
5.552000000000000000e+03 2.613800000000000012e-01
5.553000000000000000e+03 2.630469999999999753e-01
5.554000000000000000e+03 2.647140000000000049e-01
5.555000000000000000e+03 2.664030000000000009e-01
5.556000000000000000e+03 2.680930000000000257e-01
5.557000000000000000e+03 2.697599999999999998e-01
5.558000000000000000e+03 2.714280000000000026e-01
5.559000000000000000e+03 2.730960000000000054e-01
5.560000000000000000e+03 2.747640000000000082e-01
5.561000000000000000e+03 2.764079999999999870e-01
5.562000000000000000e+03 2.780509999999999926e-01
5.563000000000000000e+03 2.796719999999999762e-01
5.564000000000000000e+03 2.812919999999999865e-01
5.565000000000000000e+03 2.829119999999999968e-01
5.566000000000000000e+03 2.845960000000000156e-01
5.567000000000000000e+03 2.863020000000000009e-01
5.568000000000000000e+03 2.880079999999999862e-01
5.569000000000000000e+03 2.896929999999999783e-01
5.570000000000000000e+03 2.913780000000000259e-01
5.571000000000000000e+03 2.930670000000000219e-01
5.572000000000000000e+03 2.947560000000000180e-01
5.573000000000000000e+03 2.964680000000000093e-01
5.574000000000000000e+03 2.981790000000000274e-01
5.575000000000000000e+03 2.998700000000000254e-01
5.576000000000000000e+03 3.015610000000000235e-01
5.577000000000000000e+03 3.032520000000000215e-01
5.578000000000000000e+03 3.049430000000000196e-01
5.579000000000000000e+03 3.066570000000000129e-01
5.580000000000000000e+03 3.083710000000000062e-01
5.581000000000000000e+03 3.100339999999999763e-01
5.582000000000000000e+03 3.116959999999999731e-01
5.583000000000000000e+03 3.133580000000000254e-01
5.584000000000000000e+03 3.150209999999999955e-01
5.585000000000000000e+03 3.167050000000000143e-01
5.586000000000000000e+03 3.183900000000000063e-01
5.587000000000000000e+03 3.200520000000000032e-01
5.588000000000000000e+03 3.217149999999999732e-01
5.589000000000000000e+03 3.233770000000000255e-01
5.590000000000000000e+03 3.250399999999999956e-01
5.591000000000000000e+03 3.267390000000000017e-01
5.592000000000000000e+03 3.284380000000000077e-01
5.593000000000000000e+03 3.301149999999999918e-01
5.594000000000000000e+03 3.317919999999999758e-01
5.595000000000000000e+03 3.334699999999999886e-01
5.596000000000000000e+03 3.350719999999999810e-01
5.597000000000000000e+03 3.366739999999999733e-01
5.598000000000000000e+03 3.382749999999999924e-01
5.599000000000000000e+03 3.398970000000000047e-01
5.600000000000000000e+03 3.415190000000000170e-01
5.601000000000000000e+03 3.432169999999999943e-01
5.602000000000000000e+03 3.449169999999999736e-01
5.603000000000000000e+03 3.466159999999999797e-01
5.604000000000000000e+03 3.483160000000000145e-01
5.605000000000000000e+03 3.500380000000000158e-01
5.606000000000000000e+03 3.517609999999999904e-01
5.607000000000000000e+03 3.534619999999999984e-01
5.608000000000000000e+03 3.551630000000000065e-01
5.609000000000000000e+03 3.568649999999999878e-01
5.610000000000000000e+03 3.585670000000000246e-01
5.611000000000000000e+03 3.602629999999999999e-01
5.612000000000000000e+03 3.619589999999999752e-01
5.613000000000000000e+03 3.636329999999999840e-01
5.614000000000000000e+03 3.653069999999999928e-01
5.615000000000000000e+03 3.669819999999999749e-01
5.616000000000000000e+03 3.685729999999999840e-01
5.617000000000000000e+03 3.701849999999999863e-01
5.618000000000000000e+03 3.717969999999999886e-01
5.619000000000000000e+03 3.733859999999999957e-01
5.620000000000000000e+03 3.749750000000000028e-01
5.621000000000000000e+03 3.766459999999999808e-01
5.622000000000000000e+03 3.783179999999999876e-01
5.623000000000000000e+03 3.800109999999999877e-01
5.624000000000000000e+03 3.817039999999999877e-01
5.625000000000000000e+03 3.833759999999999946e-01
5.626000000000000000e+03 3.850469999999999726e-01
5.627000000000000000e+03 3.865219999999999767e-01
5.628000000000000000e+03 3.879980000000000095e-01
5.629000000000000000e+03 3.888400000000000190e-01
5.630000000000000000e+03 3.896819999999999729e-01
5.631000000000000000e+03 3.905520000000000103e-01
5.632000000000000000e+03 3.914230000000000209e-01
5.633000000000000000e+03 3.922939999999999761e-01
5.634000000000000000e+03 3.931660000000000155e-01
5.635000000000000000e+03 3.940370000000000261e-01
5.636000000000000000e+03 3.949090000000000100e-01
5.637000000000000000e+03 3.958019999999999872e-01
5.638000000000000000e+03 3.966959999999999931e-01
5.639000000000000000e+03 3.975679999999999770e-01
5.640000000000000000e+03 3.984409999999999896e-01
5.641000000000000000e+03 3.992120000000000113e-01
5.642000000000000000e+03 3.999820000000000042e-01
5.643000000000000000e+03 4.007530000000000259e-01
5.644000000000000000e+03 4.015230000000000188e-01
5.645000000000000000e+03 4.022930000000000117e-01
5.646000000000000000e+03 4.031540000000000123e-01
5.647000000000000000e+03 4.040150000000000130e-01
5.648000000000000000e+03 4.048760000000000137e-01
5.649000000000000000e+03 4.057370000000000143e-01
5.650000000000000000e+03 4.065989999999999882e-01
5.651000000000000000e+03 4.074820000000000109e-01
5.652000000000000000e+03 4.083660000000000068e-01
5.653000000000000000e+03 4.092279999999999807e-01
5.654000000000000000e+03 4.100900000000000101e-01
5.655000000000000000e+03 4.109519999999999840e-01
5.656000000000000000e+03 4.118140000000000134e-01
5.657000000000000000e+03 4.126770000000000160e-01
5.658000000000000000e+03 4.135389999999999899e-01
5.659000000000000000e+03 4.144019999999999926e-01
5.660000000000000000e+03 4.152649999999999952e-01
5.661000000000000000e+03 4.161429999999999851e-01
5.662000000000000000e+03 4.170220000000000038e-01
5.663000000000000000e+03 4.172879999999999923e-01
5.664000000000000000e+03 4.175550000000000095e-01
5.665000000000000000e+03 4.176019999999999732e-01
5.666000000000000000e+03 4.176500000000000212e-01
5.667000000000000000e+03 4.176969999999999850e-01
5.668000000000000000e+03 4.177449999999999775e-01
5.669000000000000000e+03 4.177919999999999967e-01
5.670000000000000000e+03 4.178399999999999892e-01
5.671000000000000000e+03 4.178499999999999992e-01
5.672000000000000000e+03 4.178600000000000092e-01
5.673000000000000000e+03 4.178689999999999904e-01
5.674000000000000000e+03 4.178790000000000004e-01
5.675000000000000000e+03 4.178890000000000104e-01
5.676000000000000000e+03 4.178990000000000204e-01
5.677000000000000000e+03 4.179089999999999749e-01
5.678000000000000000e+03 4.179189999999999849e-01
5.679000000000000000e+03 4.179289999999999949e-01
5.680000000000000000e+03 4.179390000000000049e-01
5.681000000000000000e+03 4.178810000000000024e-01
5.682000000000000000e+03 4.178239999999999732e-01
5.683000000000000000e+03 4.177669999999999995e-01
5.684000000000000000e+03 4.177100000000000257e-01
5.685000000000000000e+03 4.176529999999999965e-01
5.686000000000000000e+03 4.175960000000000227e-01
5.687000000000000000e+03 4.175389999999999935e-01
5.688000000000000000e+03 4.174820000000000197e-01
5.689000000000000000e+03 4.174249999999999905e-01
5.690000000000000000e+03 4.173680000000000168e-01
5.691000000000000000e+03 4.173979999999999912e-01
5.692000000000000000e+03 4.174280000000000213e-01
5.693000000000000000e+03 4.174579999999999957e-01
5.694000000000000000e+03 4.174889999999999990e-01
5.695000000000000000e+03 4.175189999999999735e-01
5.696000000000000000e+03 4.175490000000000035e-01
5.697000000000000000e+03 4.175789999999999780e-01
5.698000000000000000e+03 4.176090000000000080e-01
5.699000000000000000e+03 4.176400000000000112e-01
5.700000000000000000e+03 4.176699999999999857e-01
5.701000000000000000e+03 4.178020000000000067e-01
5.702000000000000000e+03 4.179340000000000277e-01
5.703000000000000000e+03 4.180659999999999932e-01
5.704000000000000000e+03 4.181980000000000142e-01
5.705000000000000000e+03 4.183299999999999796e-01
5.706000000000000000e+03 4.183680000000000176e-01
5.707000000000000000e+03 4.184050000000000269e-01
5.708000000000000000e+03 4.184430000000000094e-01
5.709000000000000000e+03 4.184800000000000186e-01
5.710000000000000000e+03 4.185169999999999724e-01
5.711000000000000000e+03 4.185659999999999936e-01
5.712000000000000000e+03 4.186150000000000149e-01
5.713000000000000000e+03 4.186639999999999806e-01
5.714000000000000000e+03 4.187130000000000019e-01
5.715000000000000000e+03 4.187620000000000231e-01
5.716000000000000000e+03 4.188100000000000156e-01
5.717000000000000000e+03 4.188589999999999813e-01
5.718000000000000000e+03 4.189080000000000026e-01
5.719000000000000000e+03 4.189570000000000238e-01
5.720000000000000000e+03 4.190059999999999896e-01
5.721000000000000000e+03 4.190240000000000076e-01
5.722000000000000000e+03 4.190429999999999988e-01
5.723000000000000000e+03 4.190610000000000168e-01
5.724000000000000000e+03 4.190789999999999793e-01
5.725000000000000000e+03 4.190980000000000261e-01
5.726000000000000000e+03 4.191159999999999886e-01
5.727000000000000000e+03 4.191349999999999798e-01
5.728000000000000000e+03 4.191529999999999978e-01
5.729000000000000000e+03 4.191719999999999891e-01
5.730000000000000000e+03 4.191900000000000071e-01
5.731000000000000000e+03 4.193160000000000220e-01
5.732000000000000000e+03 4.194430000000000103e-01
5.733000000000000000e+03 4.195690000000000253e-01
5.734000000000000000e+03 4.196949999999999847e-01
5.735000000000000000e+03 4.198219999999999730e-01
5.736000000000000000e+03 4.198529999999999762e-01
5.737000000000000000e+03 4.198850000000000082e-01
5.738000000000000000e+03 4.199160000000000115e-01
5.739000000000000000e+03 4.199479999999999880e-01
5.740000000000000000e+03 4.199789999999999912e-01
5.741000000000000000e+03 4.200110000000000232e-01
5.742000000000000000e+03 4.200420000000000265e-01
5.743000000000000000e+03 4.200740000000000030e-01
5.744000000000000000e+03 4.201059999999999794e-01
5.745000000000000000e+03 4.201380000000000114e-01
5.746000000000000000e+03 4.201690000000000147e-01
5.747000000000000000e+03 4.202009999999999912e-01
5.748000000000000000e+03 4.202330000000000232e-01
5.749000000000000000e+03 4.202640000000000264e-01
5.750000000000000000e+03 4.202960000000000029e-01
5.751000000000000000e+03 4.204240000000000199e-01
5.752000000000000000e+03 4.205519999999999814e-01
5.753000000000000000e+03 4.206799999999999984e-01
5.754000000000000000e+03 4.208080000000000154e-01
5.755000000000000000e+03 4.209359999999999769e-01
5.756000000000000000e+03 4.209680000000000089e-01
5.757000000000000000e+03 4.210010000000000141e-01
5.758000000000000000e+03 4.210340000000000193e-01
5.759000000000000000e+03 4.210670000000000246e-01
5.760000000000000000e+03 4.210990000000000011e-01
5.761000000000000000e+03 4.212259999999999893e-01
5.762000000000000000e+03 4.213529999999999776e-01
5.763000000000000000e+03 4.214800000000000213e-01
5.764000000000000000e+03 4.216070000000000095e-01
5.765000000000000000e+03 4.217339999999999978e-01
5.766000000000000000e+03 4.217650000000000010e-01
5.767000000000000000e+03 4.217969999999999775e-01
5.768000000000000000e+03 4.218290000000000095e-01
5.769000000000000000e+03 4.218600000000000128e-01
5.770000000000000000e+03 4.218919999999999892e-01
5.771000000000000000e+03 4.220050000000000190e-01
5.772000000000000000e+03 4.221179999999999932e-01
5.773000000000000000e+03 4.222319999999999962e-01
5.774000000000000000e+03 4.223450000000000260e-01
5.775000000000000000e+03 4.224580000000000002e-01
5.776000000000000000e+03 4.224760000000000182e-01
5.777000000000000000e+03 4.224939999999999807e-01
5.778000000000000000e+03 4.225119999999999987e-01
5.779000000000000000e+03 4.225300000000000167e-01
5.780000000000000000e+03 4.225479999999999792e-01
5.781000000000000000e+03 4.226840000000000042e-01
5.782000000000000000e+03 4.228199999999999736e-01
5.783000000000000000e+03 4.229559999999999986e-01
5.784000000000000000e+03 4.230929999999999969e-01
5.785000000000000000e+03 4.232290000000000219e-01
5.786000000000000000e+03 4.232690000000000063e-01
5.787000000000000000e+03 4.233100000000000196e-01
5.788000000000000000e+03 4.233509999999999773e-01
5.789000000000000000e+03 4.233919999999999906e-01
5.790000000000000000e+03 4.234330000000000038e-01
5.791000000000000000e+03 4.235590000000000188e-01
5.792000000000000000e+03 4.236860000000000070e-01
5.793000000000000000e+03 4.238120000000000220e-01
5.794000000000000000e+03 4.239390000000000103e-01
5.795000000000000000e+03 4.240650000000000253e-01
5.796000000000000000e+03 4.240970000000000018e-01
5.797000000000000000e+03 4.241280000000000050e-01
5.798000000000000000e+03 4.241590000000000082e-01
5.799000000000000000e+03 4.241900000000000115e-01
5.800000000000000000e+03 4.242210000000000147e-01
5.801000000000000000e+03 4.242380000000000040e-01
5.802000000000000000e+03 4.242549999999999932e-01
5.803000000000000000e+03 4.242730000000000112e-01
5.804000000000000000e+03 4.242900000000000005e-01
5.805000000000000000e+03 4.243069999999999897e-01
5.806000000000000000e+03 4.244189999999999907e-01
5.807000000000000000e+03 4.245320000000000205e-01
5.808000000000000000e+03 4.246440000000000214e-01
5.809000000000000000e+03 4.247569999999999957e-01
5.810000000000000000e+03 4.248700000000000254e-01
5.811000000000000000e+03 4.248899999999999899e-01
5.812000000000000000e+03 4.249100000000000099e-01
5.813000000000000000e+03 4.249299999999999744e-01
5.814000000000000000e+03 4.249499999999999944e-01
5.815000000000000000e+03 4.249700000000000144e-01
5.816000000000000000e+03 4.250860000000000194e-01
5.817000000000000000e+03 4.252020000000000244e-01
5.818000000000000000e+03 4.253179999999999739e-01
5.819000000000000000e+03 4.254330000000000056e-01
5.820000000000000000e+03 4.255490000000000106e-01
5.821000000000000000e+03 4.255650000000000266e-01
5.822000000000000000e+03 4.255809999999999871e-01
5.823000000000000000e+03 4.255970000000000031e-01
5.824000000000000000e+03 4.256130000000000191e-01
5.825000000000000000e+03 4.256289999999999796e-01
5.826000000000000000e+03 4.257400000000000073e-01
5.827000000000000000e+03 4.258520000000000083e-01
5.828000000000000000e+03 4.259640000000000093e-01
5.829000000000000000e+03 4.260749999999999815e-01
5.830000000000000000e+03 4.261869999999999825e-01
5.831000000000000000e+03 4.262159999999999838e-01
5.832000000000000000e+03 4.262449999999999850e-01
5.833000000000000000e+03 4.262739999999999863e-01
5.834000000000000000e+03 4.263029999999999875e-01
5.835000000000000000e+03 4.263319999999999887e-01
5.836000000000000000e+03 4.263609999999999900e-01
5.837000000000000000e+03 4.263890000000000180e-01
5.838000000000000000e+03 4.264180000000000192e-01
5.839000000000000000e+03 4.264459999999999917e-01
5.840000000000000000e+03 4.264749999999999930e-01
5.841000000000000000e+03 4.265220000000000122e-01
5.842000000000000000e+03 4.265689999999999760e-01
5.843000000000000000e+03 4.266170000000000240e-01
5.844000000000000000e+03 4.266650000000000165e-01
5.845000000000000000e+03 4.267139999999999822e-01
5.846000000000000000e+03 4.268580000000000152e-01
5.847000000000000000e+03 4.270030000000000214e-01
5.848000000000000000e+03 4.271480000000000277e-01
5.849000000000000000e+03 4.272940000000000071e-01
5.850000000000000000e+03 4.274410000000000154e-01
5.851000000000000000e+03 4.274680000000000146e-01
5.852000000000000000e+03 4.274950000000000139e-01
5.853000000000000000e+03 4.275229999999999864e-01
5.854000000000000000e+03 4.275530000000000164e-01
5.855000000000000000e+03 4.275829999999999909e-01
5.856000000000000000e+03 4.276139999999999941e-01
5.857000000000000000e+03 4.276469999999999994e-01
5.858000000000000000e+03 4.276809999999999778e-01
5.859000000000000000e+03 4.277150000000000118e-01
5.860000000000000000e+03 4.277509999999999923e-01
5.861000000000000000e+03 4.277750000000000163e-01
5.862000000000000000e+03 4.278000000000000136e-01
5.863000000000000000e+03 4.278259999999999841e-01
5.864000000000000000e+03 4.278509999999999813e-01
5.865000000000000000e+03 4.278770000000000073e-01
5.866000000000000000e+03 4.279020000000000046e-01
5.867000000000000000e+03 4.279279999999999751e-01
5.868000000000000000e+03 4.279529999999999723e-01
5.869000000000000000e+03 4.279789999999999983e-01
5.870000000000000000e+03 4.280050000000000243e-01
5.871000000000000000e+03 4.279589999999999783e-01
5.872000000000000000e+03 4.279140000000000166e-01
5.873000000000000000e+03 4.278680000000000261e-01
5.874000000000000000e+03 4.278230000000000088e-01
5.875000000000000000e+03 4.277770000000000183e-01
5.876000000000000000e+03 4.276340000000000141e-01
5.877000000000000000e+03 4.274919999999999831e-01
5.878000000000000000e+03 4.273500000000000076e-01
5.879000000000000000e+03 4.272090000000000054e-01
5.880000000000000000e+03 4.270669999999999744e-01
5.881000000000000000e+03 4.268239999999999812e-01
5.882000000000000000e+03 4.265800000000000147e-01
5.883000000000000000e+03 4.263370000000000215e-01
5.884000000000000000e+03 4.260939999999999728e-01
5.885000000000000000e+03 4.258520000000000083e-01
5.886000000000000000e+03 4.257059999999999733e-01
5.887000000000000000e+03 4.255610000000000226e-01
5.888000000000000000e+03 4.254160000000000164e-01
5.889000000000000000e+03 4.252710000000000101e-01
5.890000000000000000e+03 4.251249999999999751e-01
5.891000000000000000e+03 4.251639999999999864e-01
5.892000000000000000e+03 4.252009999999999956e-01
5.893000000000000000e+03 4.252369999999999761e-01
5.894000000000000000e+03 4.252710000000000101e-01
5.895000000000000000e+03 4.253040000000000154e-01
5.896000000000000000e+03 4.252389999999999781e-01
5.897000000000000000e+03 4.251719999999999944e-01
5.898000000000000000e+03 4.251030000000000086e-01
5.899000000000000000e+03 4.250320000000000209e-01
5.900000000000000000e+03 4.249589999999999756e-01
5.901000000000000000e+03 4.251739999999999964e-01
5.902000000000000000e+03 4.253870000000000151e-01
5.903000000000000000e+03 4.255990000000000051e-01
5.904000000000000000e+03 4.258080000000000198e-01
5.905000000000000000e+03 4.260160000000000058e-01
5.906000000000000000e+03 4.262210000000000165e-01
5.907000000000000000e+03 4.264260000000000272e-01
5.908000000000000000e+03 4.266280000000000072e-01
5.909000000000000000e+03 4.268290000000000139e-01
5.910000000000000000e+03 4.270289999999999919e-01
5.911000000000000000e+03 4.269390000000000129e-01
5.912000000000000000e+03 4.268489999999999784e-01
5.913000000000000000e+03 4.267580000000000262e-01
5.914000000000000000e+03 4.266670000000000185e-01
5.915000000000000000e+03 4.265780000000000127e-01
5.916000000000000000e+03 4.263930000000000220e-01
5.917000000000000000e+03 4.262079999999999758e-01
5.918000000000000000e+03 4.260229999999999850e-01
5.919000000000000000e+03 4.258390000000000231e-01
5.920000000000000000e+03 4.256550000000000056e-01
5.921000000000000000e+03 4.256750000000000256e-01
5.922000000000000000e+03 4.256960000000000188e-01
5.923000000000000000e+03 4.257159999999999833e-01
5.924000000000000000e+03 4.257369999999999766e-01
5.925000000000000000e+03 4.257580000000000253e-01
5.926000000000000000e+03 4.260680000000000023e-01
5.927000000000000000e+03 4.263770000000000060e-01
5.928000000000000000e+03 4.266860000000000097e-01
5.929000000000000000e+03 4.269950000000000134e-01
5.930000000000000000e+03 4.273040000000000171e-01
5.931000000000000000e+03 4.274259999999999726e-01
5.932000000000000000e+03 4.275490000000000124e-01
5.933000000000000000e+03 4.276710000000000234e-01
5.934000000000000000e+03 4.277940000000000076e-01
5.935000000000000000e+03 4.279169999999999918e-01
5.936000000000000000e+03 4.277500000000000191e-01
5.937000000000000000e+03 4.275829999999999909e-01
5.938000000000000000e+03 4.274169999999999914e-01
5.939000000000000000e+03 4.272500000000000187e-01
5.940000000000000000e+03 4.270849999999999924e-01
5.941000000000000000e+03 4.267090000000000050e-01
5.942000000000000000e+03 4.263350000000000195e-01
5.943000000000000000e+03 4.259609999999999785e-01
5.944000000000000000e+03 4.255900000000000238e-01
5.945000000000000000e+03 4.252190000000000136e-01
5.946000000000000000e+03 4.254279999999999728e-01
5.947000000000000000e+03 4.256389999999999896e-01
5.948000000000000000e+03 4.258509999999999796e-01
5.949000000000000000e+03 4.260639999999999983e-01
5.950000000000000000e+03 4.262790000000000190e-01
5.951000000000000000e+03 4.265999999999999792e-01
5.952000000000000000e+03 4.269229999999999969e-01
5.953000000000000000e+03 4.272480000000000167e-01
5.954000000000000000e+03 4.275740000000000096e-01
5.955000000000000000e+03 4.279009999999999758e-01
5.956000000000000000e+03 4.280379999999999741e-01
5.957000000000000000e+03 4.281749999999999723e-01
5.958000000000000000e+03 4.283150000000000013e-01
5.959000000000000000e+03 4.284549999999999748e-01
5.960000000000000000e+03 4.285970000000000057e-01
5.961000000000000000e+03 4.286460000000000270e-01
5.962000000000000000e+03 4.286960000000000215e-01
5.963000000000000000e+03 4.287460000000000160e-01
5.964000000000000000e+03 4.287960000000000105e-01
5.965000000000000000e+03 4.288469999999999782e-01
5.966000000000000000e+03 4.288000000000000145e-01
5.967000000000000000e+03 4.287529999999999952e-01
5.968000000000000000e+03 4.287059999999999760e-01
5.969000000000000000e+03 4.286599999999999855e-01
5.970000000000000000e+03 4.286130000000000217e-01
5.971000000000000000e+03 4.286710000000000242e-01
5.972000000000000000e+03 4.287279999999999980e-01
5.973000000000000000e+03 4.287860000000000005e-01
5.974000000000000000e+03 4.288429999999999742e-01
5.975000000000000000e+03 4.289000000000000035e-01
5.976000000000000000e+03 4.290539999999999909e-01
5.977000000000000000e+03 4.292079999999999784e-01
5.978000000000000000e+03 4.293620000000000214e-01
5.979000000000000000e+03 4.295160000000000089e-01
5.980000000000000000e+03 4.296699999999999964e-01
5.981000000000000000e+03 4.297050000000000036e-01
5.982000000000000000e+03 4.297409999999999841e-01
5.983000000000000000e+03 4.297770000000000201e-01
5.984000000000000000e+03 4.298130000000000006e-01
5.985000000000000000e+03 4.298489999999999811e-01
5.986000000000000000e+03 4.298859999999999904e-01
5.987000000000000000e+03 4.299239999999999728e-01
5.988000000000000000e+03 4.299620000000000108e-01
5.989000000000000000e+03 4.299999999999999933e-01
5.990000000000000000e+03 4.300379999999999758e-01
5.991000000000000000e+03 4.301880000000000148e-01
5.992000000000000000e+03 4.303370000000000251e-01
5.993000000000000000e+03 4.304850000000000065e-01
5.994000000000000000e+03 4.306309999999999860e-01
5.995000000000000000e+03 4.307750000000000190e-01
5.996000000000000000e+03 4.308210000000000095e-01
5.997000000000000000e+03 4.308649999999999980e-01
5.998000000000000000e+03 4.309069999999999845e-01
5.999000000000000000e+03 4.309470000000000245e-01
6.000000000000000000e+03 4.309850000000000070e-01
6.001000000000000000e+03 4.311119999999999952e-01
6.002000000000000000e+03 4.312369999999999814e-01
6.003000000000000000e+03 4.313600000000000212e-01
6.004000000000000000e+03 4.314810000000000034e-01
6.005000000000000000e+03 4.315999999999999837e-01
6.006000000000000000e+03 4.316209999999999769e-01
6.007000000000000000e+03 4.316389999999999949e-01
6.008000000000000000e+03 4.316559999999999842e-01
6.009000000000000000e+03 4.316720000000000002e-01
6.010000000000000000e+03 4.316869999999999874e-01
6.011000000000000000e+03 4.317159999999999886e-01
6.012000000000000000e+03 4.317449999999999899e-01
6.013000000000000000e+03 4.317739999999999911e-01
6.014000000000000000e+03 4.318029999999999924e-01
6.015000000000000000e+03 4.318330000000000224e-01
6.016000000000000000e+03 4.318640000000000256e-01
6.017000000000000000e+03 4.318949999999999734e-01
6.018000000000000000e+03 4.319259999999999766e-01
6.019000000000000000e+03 4.319580000000000086e-01
6.020000000000000000e+03 4.319890000000000119e-01
6.021000000000000000e+03 4.320939999999999781e-01
6.022000000000000000e+03 4.321989999999999998e-01
6.023000000000000000e+03 4.323040000000000216e-01
6.024000000000000000e+03 4.324100000000000166e-01
6.025000000000000000e+03 4.325149999999999828e-01
6.026000000000000000e+03 4.325229999999999908e-01
6.027000000000000000e+03 4.325309999999999988e-01
6.028000000000000000e+03 4.325390000000000068e-01
6.029000000000000000e+03 4.325470000000000148e-01
6.030000000000000000e+03 4.325550000000000228e-01
6.031000000000000000e+03 4.325789999999999913e-01
6.032000000000000000e+03 4.326039999999999885e-01
6.033000000000000000e+03 4.326289999999999858e-01
6.034000000000000000e+03 4.326539999999999830e-01
6.035000000000000000e+03 4.326789999999999803e-01
6.036000000000000000e+03 4.328009999999999913e-01
6.037000000000000000e+03 4.329219999999999735e-01
6.038000000000000000e+03 4.330439999999999845e-01
6.039000000000000000e+03 4.331670000000000242e-01
6.040000000000000000e+03 4.332900000000000085e-01
6.041000000000000000e+03 4.332909999999999817e-01
6.042000000000000000e+03 4.332920000000000105e-01
6.043000000000000000e+03 4.332940000000000125e-01
6.044000000000000000e+03 4.332980000000000165e-01
6.045000000000000000e+03 4.333020000000000205e-01
6.046000000000000000e+03 4.334049999999999847e-01
6.047000000000000000e+03 4.335089999999999777e-01
6.048000000000000000e+03 4.336139999999999994e-01
6.049000000000000000e+03 4.337190000000000212e-01
6.050000000000000000e+03 4.338259999999999894e-01
6.051000000000000000e+03 4.338609999999999967e-01
6.052000000000000000e+03 4.338960000000000039e-01
6.053000000000000000e+03 4.339319999999999844e-01
6.054000000000000000e+03 4.339680000000000204e-01
6.055000000000000000e+03 4.340049999999999741e-01
6.056000000000000000e+03 4.341389999999999971e-01
6.057000000000000000e+03 4.342739999999999934e-01
6.058000000000000000e+03 4.344089999999999896e-01
6.059000000000000000e+03 4.345439999999999858e-01
6.060000000000000000e+03 4.346800000000000108e-01
6.061000000000000000e+03 4.347239999999999993e-01
6.062000000000000000e+03 4.347679999999999878e-01
6.063000000000000000e+03 4.348119999999999763e-01
6.064000000000000000e+03 4.348549999999999915e-01
6.065000000000000000e+03 4.348989999999999800e-01
6.066000000000000000e+03 4.350399999999999823e-01
6.067000000000000000e+03 4.351800000000000113e-01
6.068000000000000000e+03 4.353199999999999847e-01
6.069000000000000000e+03 4.354609999999999870e-01
6.070000000000000000e+03 4.356019999999999892e-01
6.071000000000000000e+03 4.356309999999999905e-01
6.072000000000000000e+03 4.356599999999999917e-01
6.073000000000000000e+03 4.356889999999999930e-01
6.074000000000000000e+03 4.357179999999999942e-01
6.075000000000000000e+03 4.357469999999999954e-01
6.076000000000000000e+03 4.358730000000000104e-01
6.077000000000000000e+03 4.359990000000000254e-01
6.078000000000000000e+03 4.361249999999999849e-01
6.079000000000000000e+03 4.362519999999999731e-01
6.080000000000000000e+03 4.363779999999999881e-01
6.081000000000000000e+03 4.364020000000000121e-01
6.082000000000000000e+03 4.364270000000000094e-01
6.083000000000000000e+03 4.364509999999999779e-01
6.084000000000000000e+03 4.364759999999999751e-01
6.085000000000000000e+03 4.364999999999999991e-01
6.086000000000000000e+03 4.366220000000000101e-01
6.087000000000000000e+03 4.367440000000000211e-01
6.088000000000000000e+03 4.368659999999999766e-01
6.089000000000000000e+03 4.369870000000000143e-01
6.090000000000000000e+03 4.371090000000000253e-01
6.091000000000000000e+03 4.371499999999999830e-01
6.092000000000000000e+03 4.371909999999999963e-01
6.093000000000000000e+03 4.372329999999999828e-01
6.094000000000000000e+03 4.372739999999999960e-01
6.095000000000000000e+03 4.373150000000000093e-01
6.096000000000000000e+03 4.374540000000000095e-01
6.097000000000000000e+03 4.375919999999999810e-01
6.098000000000000000e+03 4.377309999999999812e-01
6.099000000000000000e+03 4.378690000000000082e-01
6.100000000000000000e+03 4.380080000000000084e-01
6.101000000000000000e+03 4.381499999999999839e-01
6.102000000000000000e+03 4.382920000000000149e-01
6.103000000000000000e+03 4.384339999999999904e-01
6.104000000000000000e+03 4.385749999999999926e-01
6.105000000000000000e+03 4.387170000000000236e-01
6.106000000000000000e+03 4.387619999999999854e-01
6.107000000000000000e+03 4.388059999999999738e-01
6.108000000000000000e+03 4.388509999999999911e-01
6.109000000000000000e+03 4.388949999999999796e-01
6.110000000000000000e+03 4.389399999999999968e-01
6.111000000000000000e+03 4.390569999999999751e-01
6.112000000000000000e+03 4.391740000000000088e-01
6.113000000000000000e+03 4.392909999999999870e-01
6.114000000000000000e+03 4.394080000000000208e-01
6.115000000000000000e+03 4.395249999999999990e-01
6.116000000000000000e+03 4.395439999999999903e-01
6.117000000000000000e+03 4.395629999999999815e-01
6.118000000000000000e+03 4.395830000000000015e-01
6.119000000000000000e+03 4.396019999999999928e-01
6.120000000000000000e+03 4.396220000000000128e-01
6.121000000000000000e+03 4.397619999999999862e-01
6.122000000000000000e+03 4.399029999999999885e-01
6.123000000000000000e+03 4.400430000000000175e-01
6.124000000000000000e+03 4.401840000000000197e-01
6.125000000000000000e+03 4.403239999999999932e-01
6.126000000000000000e+03 4.403670000000000084e-01
6.127000000000000000e+03 4.404100000000000237e-01
6.128000000000000000e+03 4.404529999999999834e-01
6.129000000000000000e+03 4.404959999999999987e-01
6.130000000000000000e+03 4.405390000000000139e-01
6.131000000000000000e+03 4.406689999999999774e-01
6.132000000000000000e+03 4.407980000000000231e-01
6.133000000000000000e+03 4.409279999999999866e-01
6.134000000000000000e+03 4.410569999999999768e-01
6.135000000000000000e+03 4.411869999999999958e-01
6.136000000000000000e+03 4.413159999999999861e-01
6.137000000000000000e+03 4.414460000000000051e-01
6.138000000000000000e+03 4.415749999999999953e-01
6.139000000000000000e+03 4.417050000000000143e-01
6.140000000000000000e+03 4.418349999999999778e-01
6.141000000000000000e+03 4.418549999999999978e-01
6.142000000000000000e+03 4.418750000000000178e-01
6.143000000000000000e+03 4.418949999999999823e-01
6.144000000000000000e+03 4.419150000000000023e-01
6.145000000000000000e+03 4.419350000000000223e-01
6.146000000000000000e+03 4.420529999999999737e-01
6.147000000000000000e+03 4.421709999999999807e-01
6.148000000000000000e+03 4.422889999999999877e-01
6.149000000000000000e+03 4.424069999999999947e-01
6.150000000000000000e+03 4.425239999999999729e-01
6.151000000000000000e+03 4.425609999999999822e-01
6.152000000000000000e+03 4.425970000000000182e-01
6.153000000000000000e+03 4.426329999999999987e-01
6.154000000000000000e+03 4.426689999999999792e-01
6.155000000000000000e+03 4.427050000000000152e-01
6.156000000000000000e+03 4.428389999999999826e-01
6.157000000000000000e+03 4.429730000000000056e-01
6.158000000000000000e+03 4.431069999999999731e-01
6.159000000000000000e+03 4.432409999999999961e-01
6.160000000000000000e+03 4.433750000000000191e-01
6.161000000000000000e+03 4.434259999999999868e-01
6.162000000000000000e+03 4.434779999999999833e-01
6.163000000000000000e+03 4.435290000000000066e-01
6.164000000000000000e+03 4.435810000000000031e-01
6.165000000000000000e+03 4.436320000000000263e-01
6.166000000000000000e+03 4.437820000000000098e-01
6.167000000000000000e+03 4.439310000000000200e-01
6.168000000000000000e+03 4.440810000000000035e-01
6.169000000000000000e+03 4.442300000000000137e-01
6.170000000000000000e+03 4.443799999999999972e-01
6.171000000000000000e+03 4.444110000000000005e-01
6.172000000000000000e+03 4.444429999999999770e-01
6.173000000000000000e+03 4.444750000000000090e-01
6.174000000000000000e+03 4.445060000000000122e-01
6.175000000000000000e+03 4.445379999999999887e-01
6.176000000000000000e+03 4.446680000000000077e-01
6.177000000000000000e+03 4.447969999999999979e-01
6.178000000000000000e+03 4.449270000000000169e-01
6.179000000000000000e+03 4.450560000000000072e-01
6.180000000000000000e+03 4.451860000000000261e-01
6.181000000000000000e+03 4.452130000000000254e-01
6.182000000000000000e+03 4.452389999999999959e-01
6.183000000000000000e+03 4.452659999999999951e-01
6.184000000000000000e+03 4.452929999999999944e-01
6.185000000000000000e+03 4.453190000000000204e-01
6.186000000000000000e+03 4.453460000000000196e-01
6.187000000000000000e+03 4.453719999999999901e-01
6.188000000000000000e+03 4.453989999999999894e-01
6.189000000000000000e+03 4.454250000000000154e-01
6.190000000000000000e+03 4.454520000000000146e-01
6.191000000000000000e+03 4.455830000000000068e-01
6.192000000000000000e+03 4.457149999999999723e-01
6.193000000000000000e+03 4.458460000000000201e-01
6.194000000000000000e+03 4.459770000000000123e-01
6.195000000000000000e+03 4.461080000000000045e-01
6.196000000000000000e+03 4.461410000000000098e-01
6.197000000000000000e+03 4.461749999999999883e-01
6.198000000000000000e+03 4.462079999999999935e-01
6.199000000000000000e+03 4.462409999999999988e-01
6.200000000000000000e+03 4.462740000000000040e-01
6.201000000000000000e+03 4.463929999999999843e-01
6.202000000000000000e+03 4.465120000000000200e-01
6.203000000000000000e+03 4.466300000000000270e-01
6.204000000000000000e+03 4.467490000000000072e-01
6.205000000000000000e+03 4.468679999999999874e-01
6.206000000000000000e+03 4.468889999999999807e-01
6.207000000000000000e+03 4.469090000000000007e-01
6.208000000000000000e+03 4.469299999999999939e-01
6.209000000000000000e+03 4.469509999999999872e-01
6.210000000000000000e+03 4.469710000000000072e-01
6.211000000000000000e+03 4.470169999999999977e-01
6.212000000000000000e+03 4.470620000000000149e-01
6.213000000000000000e+03 4.471080000000000054e-01
6.214000000000000000e+03 4.471530000000000227e-01
6.215000000000000000e+03 4.471990000000000132e-01
6.216000000000000000e+03 4.473429999999999906e-01
6.217000000000000000e+03 4.474859999999999949e-01
6.218000000000000000e+03 4.476299999999999724e-01
6.219000000000000000e+03 4.477740000000000054e-01
6.220000000000000000e+03 4.479179999999999828e-01
6.221000000000000000e+03 4.479529999999999901e-01
6.222000000000000000e+03 4.479870000000000241e-01
6.223000000000000000e+03 4.480210000000000026e-01
6.224000000000000000e+03 4.480560000000000098e-01
6.225000000000000000e+03 4.480899999999999883e-01
6.226000000000000000e+03 4.482229999999999825e-01
6.227000000000000000e+03 4.483559999999999768e-01
6.228000000000000000e+03 4.484890000000000265e-01
6.229000000000000000e+03 4.486220000000000208e-01
6.230000000000000000e+03 4.487550000000000150e-01
6.231000000000000000e+03 4.487820000000000142e-01
6.232000000000000000e+03 4.488090000000000135e-01
6.233000000000000000e+03 4.488360000000000127e-01
6.234000000000000000e+03 4.488639999999999852e-01
6.235000000000000000e+03 4.488909999999999845e-01
6.236000000000000000e+03 4.489179999999999837e-01
6.237000000000000000e+03 4.489440000000000097e-01
6.238000000000000000e+03 4.489710000000000090e-01
6.239000000000000000e+03 4.489969999999999795e-01
6.240000000000000000e+03 4.490239999999999787e-01
6.241000000000000000e+03 4.491499999999999937e-01
6.242000000000000000e+03 4.492749999999999799e-01
6.243000000000000000e+03 4.494020000000000237e-01
6.244000000000000000e+03 4.495279999999999831e-01
6.245000000000000000e+03 4.496560000000000001e-01
6.246000000000000000e+03 4.496850000000000014e-01
6.247000000000000000e+03 4.497140000000000026e-01
6.248000000000000000e+03 4.497439999999999771e-01
6.249000000000000000e+03 4.497740000000000071e-01
6.250000000000000000e+03 4.498050000000000104e-01
6.251000000000000000e+03 4.498480000000000256e-01
6.252000000000000000e+03 4.498909999999999854e-01
6.253000000000000000e+03 4.499349999999999739e-01
6.254000000000000000e+03 4.499810000000000199e-01
6.255000000000000000e+03 4.500270000000000103e-01
6.256000000000000000e+03 4.501740000000000186e-01
6.257000000000000000e+03 4.503210000000000268e-01
6.258000000000000000e+03 4.504699999999999815e-01
6.259000000000000000e+03 4.506200000000000205e-01
6.260000000000000000e+03 4.507709999999999773e-01
6.261000000000000000e+03 4.508159999999999945e-01
6.262000000000000000e+03 4.508610000000000118e-01
6.263000000000000000e+03 4.509079999999999755e-01
6.264000000000000000e+03 4.509540000000000215e-01
6.265000000000000000e+03 4.510009999999999852e-01
6.266000000000000000e+03 4.509480000000000155e-01
6.267000000000000000e+03 4.508960000000000190e-01
6.268000000000000000e+03 4.508429999999999938e-01
6.269000000000000000e+03 4.507909999999999973e-01
6.270000000000000000e+03 4.507390000000000008e-01
6.271000000000000000e+03 4.498840000000000061e-01
6.272000000000000000e+03 4.490279999999999827e-01
6.273000000000000000e+03 4.481729999999999881e-01
6.274000000000000000e+03 4.473170000000000202e-01
6.275000000000000000e+03 4.464600000000000235e-01
6.276000000000000000e+03 4.451100000000000056e-01
6.277000000000000000e+03 4.437590000000000146e-01
6.278000000000000000e+03 4.424089999999999967e-01
6.279000000000000000e+03 4.410580000000000056e-01
6.280000000000000000e+03 4.397070000000000145e-01
6.281000000000000000e+03 4.402519999999999767e-01
6.282000000000000000e+03 4.407969999999999944e-01
6.283000000000000000e+03 4.413420000000000121e-01
6.284000000000000000e+03 4.418869999999999743e-01
6.285000000000000000e+03 4.424330000000000207e-01
6.286000000000000000e+03 4.432760000000000034e-01
6.287000000000000000e+03 4.441209999999999880e-01
6.288000000000000000e+03 4.449659999999999727e-01
6.289000000000000000e+03 4.458110000000000128e-01
6.290000000000000000e+03 4.466550000000000242e-01
6.291000000000000000e+03 4.467099999999999960e-01
6.292000000000000000e+03 4.467630000000000212e-01
6.293000000000000000e+03 4.468139999999999890e-01
6.294000000000000000e+03 4.468639999999999834e-01
6.295000000000000000e+03 4.469119999999999759e-01
6.296000000000000000e+03 4.470569999999999822e-01
6.297000000000000000e+03 4.472010000000000152e-01
6.298000000000000000e+03 4.473420000000000174e-01
6.299000000000000000e+03 4.474819999999999909e-01
6.300000000000000000e+03 4.476189999999999891e-01
6.301000000000000000e+03 4.480399999999999938e-01
6.302000000000000000e+03 4.484589999999999965e-01
6.303000000000000000e+03 4.488750000000000240e-01
6.304000000000000000e+03 4.492900000000000227e-01
6.305000000000000000e+03 4.497030000000000194e-01
6.306000000000000000e+03 4.500149999999999983e-01
6.307000000000000000e+03 4.503249999999999753e-01
6.308000000000000000e+03 4.506339999999999790e-01
6.309000000000000000e+03 4.509409999999999807e-01
6.310000000000000000e+03 4.512470000000000092e-01
6.311000000000000000e+03 4.514589999999999992e-01
6.312000000000000000e+03 4.516700000000000159e-01
6.313000000000000000e+03 4.518820000000000059e-01
6.314000000000000000e+03 4.520930000000000226e-01
6.315000000000000000e+03 4.523050000000000126e-01
6.316000000000000000e+03 4.525190000000000046e-01
6.317000000000000000e+03 4.527320000000000233e-01
6.318000000000000000e+03 4.529460000000000153e-01
6.319000000000000000e+03 4.531600000000000072e-01
6.320000000000000000e+03 4.533739999999999992e-01
6.321000000000000000e+03 4.535870000000000180e-01
6.322000000000000000e+03 4.537999999999999812e-01
6.323000000000000000e+03 4.540129999999999999e-01
6.324000000000000000e+03 4.542260000000000186e-01
6.325000000000000000e+03 4.544389999999999818e-01
6.326000000000000000e+03 4.545529999999999848e-01
6.327000000000000000e+03 4.546669999999999878e-01
6.328000000000000000e+03 4.547800000000000176e-01
6.329000000000000000e+03 4.548929999999999918e-01
6.330000000000000000e+03 4.550069999999999948e-01
6.331000000000000000e+03 4.551209999999999978e-01
6.332000000000000000e+03 4.552359999999999740e-01
6.333000000000000000e+03 4.553499999999999770e-01
6.334000000000000000e+03 4.554650000000000087e-01
6.335000000000000000e+03 4.555799999999999850e-01
6.336000000000000000e+03 4.556950000000000167e-01
6.337000000000000000e+03 4.558090000000000197e-01
6.338000000000000000e+03 4.559239999999999959e-01
6.339000000000000000e+03 4.560400000000000009e-01
6.340000000000000000e+03 4.561560000000000059e-01
6.341000000000000000e+03 4.561740000000000239e-01
6.342000000000000000e+03 4.561930000000000152e-01
6.343000000000000000e+03 4.562140000000000084e-01
6.344000000000000000e+03 4.562350000000000017e-01
6.345000000000000000e+03 4.562579999999999969e-01
6.346000000000000000e+03 4.563809999999999811e-01
6.347000000000000000e+03 4.565049999999999941e-01
6.348000000000000000e+03 4.566310000000000091e-01
6.349000000000000000e+03 4.567570000000000241e-01
6.350000000000000000e+03 4.568849999999999856e-01
6.351000000000000000e+03 4.569159999999999888e-01
6.352000000000000000e+03 4.569489999999999941e-01
6.353000000000000000e+03 4.569819999999999993e-01
6.354000000000000000e+03 4.570150000000000046e-01
6.355000000000000000e+03 4.570489999999999831e-01
6.356000000000000000e+03 4.571830000000000060e-01
6.357000000000000000e+03 4.573169999999999735e-01
6.358000000000000000e+03 4.574509999999999965e-01
6.359000000000000000e+03 4.575859999999999927e-01
6.360000000000000000e+03 4.577209999999999890e-01
6.361000000000000000e+03 4.577459999999999862e-01
6.362000000000000000e+03 4.577709999999999835e-01
6.363000000000000000e+03 4.577959999999999807e-01
6.364000000000000000e+03 4.578209999999999780e-01
6.365000000000000000e+03 4.578459999999999752e-01
6.366000000000000000e+03 4.579690000000000150e-01
6.367000000000000000e+03 4.580929999999999724e-01
6.368000000000000000e+03 4.582160000000000122e-01
6.369000000000000000e+03 4.583400000000000252e-01
6.370000000000000000e+03 4.584639999999999826e-01
6.371000000000000000e+03 4.584969999999999879e-01
6.372000000000000000e+03 4.585310000000000219e-01
6.373000000000000000e+03 4.585650000000000004e-01
6.374000000000000000e+03 4.585980000000000056e-01
6.375000000000000000e+03 4.586319999999999841e-01
6.376000000000000000e+03 4.587649999999999784e-01
6.377000000000000000e+03 4.588979999999999726e-01
6.378000000000000000e+03 4.590310000000000223e-01
6.379000000000000000e+03 4.591640000000000166e-01
6.380000000000000000e+03 4.592970000000000108e-01
6.381000000000000000e+03 4.593209999999999793e-01
6.382000000000000000e+03 4.593439999999999745e-01
6.383000000000000000e+03 4.593679999999999986e-01
6.384000000000000000e+03 4.593920000000000226e-01
6.385000000000000000e+03 4.594150000000000178e-01
6.386000000000000000e+03 4.595389999999999753e-01
6.387000000000000000e+03 4.596620000000000150e-01
6.388000000000000000e+03 4.597849999999999993e-01
6.389000000000000000e+03 4.599079999999999835e-01
6.390000000000000000e+03 4.600310000000000232e-01
6.391000000000000000e+03 4.600569999999999937e-01
6.392000000000000000e+03 4.600819999999999910e-01
6.393000000000000000e+03 4.601080000000000170e-01
6.394000000000000000e+03 4.601330000000000142e-01
6.395000000000000000e+03 4.601589999999999847e-01
6.396000000000000000e+03 4.601839999999999820e-01
6.397000000000000000e+03 4.602100000000000080e-01
6.398000000000000000e+03 4.602350000000000052e-01
6.399000000000000000e+03 4.602609999999999757e-01
6.400000000000000000e+03 4.602859999999999729e-01
6.401000000000000000e+03 4.604139999999999899e-01
6.402000000000000000e+03 4.605409999999999782e-01
6.403000000000000000e+03 4.606680000000000219e-01
6.404000000000000000e+03 4.607950000000000101e-01
6.405000000000000000e+03 4.609219999999999984e-01
6.406000000000000000e+03 4.609500000000000264e-01
6.407000000000000000e+03 4.609779999999999989e-01
6.408000000000000000e+03 4.610049999999999981e-01
6.409000000000000000e+03 4.610330000000000261e-01
6.410000000000000000e+03 4.610609999999999986e-01
6.411000000000000000e+03 4.611950000000000216e-01
6.412000000000000000e+03 4.613289999999999891e-01
6.413000000000000000e+03 4.614630000000000121e-01
6.414000000000000000e+03 4.615980000000000083e-01
6.415000000000000000e+03 4.617319999999999758e-01
6.416000000000000000e+03 4.617669999999999830e-01
6.417000000000000000e+03 4.618019999999999903e-01
6.418000000000000000e+03 4.618360000000000243e-01
6.419000000000000000e+03 4.618709999999999760e-01
6.420000000000000000e+03 4.619059999999999833e-01
6.421000000000000000e+03 4.619360000000000133e-01
6.422000000000000000e+03 4.619670000000000165e-01
6.423000000000000000e+03 4.619969999999999910e-01
6.424000000000000000e+03 4.620279999999999943e-01
6.425000000000000000e+03 4.620589999999999975e-01
6.426000000000000000e+03 4.621890000000000165e-01
6.427000000000000000e+03 4.623189999999999800e-01
6.428000000000000000e+03 4.624489999999999990e-01
6.429000000000000000e+03 4.625799999999999912e-01
6.430000000000000000e+03 4.627100000000000102e-01
6.431000000000000000e+03 4.627359999999999807e-01
6.432000000000000000e+03 4.627620000000000067e-01
6.433000000000000000e+03 4.627879999999999772e-01
6.434000000000000000e+03 4.628140000000000032e-01
6.435000000000000000e+03 4.628399999999999737e-01
6.436000000000000000e+03 4.628659999999999997e-01
6.437000000000000000e+03 4.628920000000000257e-01
6.438000000000000000e+03 4.629179999999999962e-01
6.439000000000000000e+03 4.629440000000000222e-01
6.440000000000000000e+03 4.629699999999999926e-01
6.441000000000000000e+03 4.631040000000000156e-01
6.442000000000000000e+03 4.632390000000000119e-01
6.443000000000000000e+03 4.633740000000000081e-01
6.444000000000000000e+03 4.635090000000000043e-01
6.445000000000000000e+03 4.636440000000000006e-01
6.446000000000000000e+03 4.636790000000000078e-01
6.447000000000000000e+03 4.637140000000000151e-01
6.448000000000000000e+03 4.637499999999999956e-01
6.449000000000000000e+03 4.637850000000000028e-01
6.450000000000000000e+03 4.638200000000000101e-01
6.451000000000000000e+03 4.638470000000000093e-01
6.452000000000000000e+03 4.638740000000000085e-01
6.453000000000000000e+03 4.639010000000000078e-01
6.454000000000000000e+03 4.639280000000000070e-01
6.455000000000000000e+03 4.639550000000000063e-01
6.456000000000000000e+03 4.638829999999999898e-01
6.457000000000000000e+03 4.638100000000000001e-01
6.458000000000000000e+03 4.637370000000000103e-01
6.459000000000000000e+03 4.636640000000000206e-01
6.460000000000000000e+03 4.635909999999999753e-01
6.461000000000000000e+03 4.635099999999999776e-01
6.462000000000000000e+03 4.634280000000000066e-01
6.463000000000000000e+03 4.633459999999999801e-01
6.464000000000000000e+03 4.632640000000000091e-01
6.465000000000000000e+03 4.631819999999999826e-01
6.466000000000000000e+03 4.630000000000000226e-01
6.467000000000000000e+03 4.628180000000000072e-01
6.468000000000000000e+03 4.626359999999999917e-01
6.469000000000000000e+03 4.624550000000000050e-01
6.470000000000000000e+03 4.622729999999999895e-01
6.471000000000000000e+03 4.622089999999999810e-01
6.472000000000000000e+03 4.621460000000000012e-01
6.473000000000000000e+03 4.620830000000000215e-01
6.474000000000000000e+03 4.620199999999999863e-01
6.475000000000000000e+03 4.619570000000000065e-01
6.476000000000000000e+03 4.618929999999999980e-01
6.477000000000000000e+03 4.618300000000000183e-01
6.478000000000000000e+03 4.617669999999999830e-01
6.479000000000000000e+03 4.617040000000000033e-01
6.480000000000000000e+03 4.616399999999999948e-01
6.481000000000000000e+03 4.618670000000000275e-01
6.482000000000000000e+03 4.620940000000000047e-01
6.483000000000000000e+03 4.623209999999999820e-01
6.484000000000000000e+03 4.625480000000000147e-01
6.485000000000000000e+03 4.627749999999999919e-01
6.486000000000000000e+03 4.629030000000000089e-01
6.487000000000000000e+03 4.630299999999999971e-01
6.488000000000000000e+03 4.631589999999999874e-01
6.489000000000000000e+03 4.632870000000000044e-01
6.490000000000000000e+03 4.634150000000000214e-01
6.491000000000000000e+03 4.634420000000000206e-01
6.492000000000000000e+03 4.634679999999999911e-01
6.493000000000000000e+03 4.634940000000000171e-01
6.494000000000000000e+03 4.635199999999999876e-01
6.495000000000000000e+03 4.635440000000000116e-01
6.496000000000000000e+03 4.638680000000000025e-01
6.497000000000000000e+03 4.641919999999999935e-01
6.498000000000000000e+03 4.645139999999999825e-01
6.499000000000000000e+03 4.648349999999999982e-01
6.500000000000000000e+03 4.651560000000000139e-01
6.501000000000000000e+03 4.653249999999999886e-01
6.502000000000000000e+03 4.654940000000000189e-01
6.503000000000000000e+03 4.656620000000000203e-01
6.504000000000000000e+03 4.658280000000000198e-01
6.505000000000000000e+03 4.659940000000000193e-01
6.506000000000000000e+03 4.658590000000000231e-01
6.507000000000000000e+03 4.657229999999999981e-01
6.508000000000000000e+03 4.655859999999999999e-01
6.509000000000000000e+03 4.654490000000000016e-01
6.510000000000000000e+03 4.653109999999999746e-01
6.511000000000000000e+03 4.650029999999999997e-01
6.512000000000000000e+03 4.646950000000000247e-01
6.513000000000000000e+03 4.643860000000000210e-01
6.514000000000000000e+03 4.640770000000000173e-01
6.515000000000000000e+03 4.637689999999999868e-01
6.516000000000000000e+03 4.636609999999999898e-01
6.517000000000000000e+03 4.635520000000000196e-01
6.518000000000000000e+03 4.634429999999999938e-01
6.519000000000000000e+03 4.633340000000000236e-01
6.520000000000000000e+03 4.632249999999999979e-01
6.521000000000000000e+03 4.635880000000000001e-01
6.522000000000000000e+03 4.639510000000000023e-01
6.523000000000000000e+03 4.643140000000000045e-01
6.524000000000000000e+03 4.646759999999999780e-01
6.525000000000000000e+03 4.650380000000000069e-01
6.526000000000000000e+03 4.651989999999999736e-01
6.527000000000000000e+03 4.653599999999999959e-01
6.528000000000000000e+03 4.655210000000000181e-01
6.529000000000000000e+03 4.656810000000000116e-01
6.530000000000000000e+03 4.658419999999999783e-01
6.531000000000000000e+03 4.657919999999999838e-01
6.532000000000000000e+03 4.657430000000000181e-01
6.533000000000000000e+03 4.656939999999999968e-01
6.534000000000000000e+03 4.656460000000000043e-01
6.535000000000000000e+03 4.655969999999999831e-01
6.536000000000000000e+03 4.656489999999999796e-01
6.537000000000000000e+03 4.657000000000000028e-01
6.538000000000000000e+03 4.657519999999999993e-01
6.539000000000000000e+03 4.658039999999999958e-01
6.540000000000000000e+03 4.658559999999999923e-01
6.541000000000000000e+03 4.657370000000000121e-01
6.542000000000000000e+03 4.656179999999999763e-01
6.543000000000000000e+03 4.655009999999999981e-01
6.544000000000000000e+03 4.653840000000000199e-01
6.545000000000000000e+03 4.652689999999999881e-01
6.546000000000000000e+03 4.652549999999999741e-01
6.547000000000000000e+03 4.652410000000000156e-01
6.548000000000000000e+03 4.652290000000000036e-01
6.549000000000000000e+03 4.652180000000000204e-01
6.550000000000000000e+03 4.652089999999999836e-01
6.551000000000000000e+03 4.651980000000000004e-01
6.552000000000000000e+03 4.651879999999999904e-01
6.553000000000000000e+03 4.651799999999999824e-01
6.554000000000000000e+03 4.651719999999999744e-01
6.555000000000000000e+03 4.651660000000000239e-01
6.556000000000000000e+03 4.652589999999999781e-01
6.557000000000000000e+03 4.653539999999999899e-01
6.558000000000000000e+03 4.654490000000000016e-01
6.559000000000000000e+03 4.655440000000000134e-01
6.560000000000000000e+03 4.656399999999999983e-01
6.561000000000000000e+03 4.657169999999999921e-01
6.562000000000000000e+03 4.657930000000000126e-01
6.563000000000000000e+03 4.658689999999999776e-01
6.564000000000000000e+03 4.659460000000000268e-01
6.565000000000000000e+03 4.660219999999999918e-01
6.566000000000000000e+03 4.660969999999999835e-01
6.567000000000000000e+03 4.661719999999999753e-01
6.568000000000000000e+03 4.662470000000000225e-01
6.569000000000000000e+03 4.663229999999999875e-01
6.570000000000000000e+03 4.663979999999999793e-01
6.571000000000000000e+03 4.663849999999999940e-01
6.572000000000000000e+03 4.663709999999999800e-01
6.573000000000000000e+03 4.663579999999999948e-01
6.574000000000000000e+03 4.663450000000000095e-01
6.575000000000000000e+03 4.663309999999999955e-01
6.576000000000000000e+03 4.664179999999999993e-01
6.577000000000000000e+03 4.665039999999999742e-01
6.578000000000000000e+03 4.665900000000000047e-01
6.579000000000000000e+03 4.666770000000000085e-01
6.580000000000000000e+03 4.667629999999999835e-01
6.581000000000000000e+03 4.668990000000000085e-01
6.582000000000000000e+03 4.670340000000000047e-01
6.583000000000000000e+03 4.671699999999999742e-01
6.584000000000000000e+03 4.673059999999999992e-01
6.585000000000000000e+03 4.674420000000000242e-01
6.586000000000000000e+03 4.675779999999999936e-01
6.587000000000000000e+03 4.677140000000000186e-01
6.588000000000000000e+03 4.678499999999999881e-01
6.589000000000000000e+03 4.679860000000000131e-01
6.590000000000000000e+03 4.681219999999999826e-01
6.591000000000000000e+03 4.681640000000000246e-01
6.592000000000000000e+03 4.682060000000000111e-01
6.593000000000000000e+03 4.682479999999999976e-01
6.594000000000000000e+03 4.682890000000000108e-01
6.595000000000000000e+03 4.683309999999999973e-01
6.596000000000000000e+03 4.684729999999999728e-01
6.597000000000000000e+03 4.686150000000000038e-01
6.598000000000000000e+03 4.687569999999999792e-01
6.599000000000000000e+03 4.688990000000000102e-01
6.600000000000000000e+03 4.690409999999999857e-01
6.601000000000000000e+03 4.690050000000000052e-01
6.602000000000000000e+03 4.689699999999999980e-01
6.603000000000000000e+03 4.689349999999999907e-01
6.604000000000000000e+03 4.688999999999999835e-01
6.605000000000000000e+03 4.688640000000000030e-01
6.606000000000000000e+03 4.689289999999999847e-01
6.607000000000000000e+03 4.689929999999999932e-01
6.608000000000000000e+03 4.690579999999999750e-01
6.609000000000000000e+03 4.691230000000000122e-01
6.610000000000000000e+03 4.691870000000000207e-01
6.611000000000000000e+03 4.691739999999999799e-01
6.612000000000000000e+03 4.691609999999999947e-01
6.613000000000000000e+03 4.691480000000000095e-01
6.614000000000000000e+03 4.691350000000000242e-01
6.615000000000000000e+03 4.691219999999999835e-01
6.616000000000000000e+03 4.692089999999999872e-01
6.617000000000000000e+03 4.692950000000000177e-01
6.618000000000000000e+03 4.693820000000000214e-01
6.619000000000000000e+03 4.694690000000000252e-01
6.620000000000000000e+03 4.695550000000000002e-01
6.621000000000000000e+03 4.695380000000000109e-01
6.622000000000000000e+03 4.695210000000000217e-01
6.623000000000000000e+03 4.695039999999999769e-01
6.624000000000000000e+03 4.694869999999999877e-01
6.625000000000000000e+03 4.694699999999999984e-01
6.626000000000000000e+03 4.694530000000000092e-01
6.627000000000000000e+03 4.694360000000000199e-01
6.628000000000000000e+03 4.694189999999999752e-01
6.629000000000000000e+03 4.694019999999999859e-01
6.630000000000000000e+03 4.693849999999999967e-01
6.631000000000000000e+03 4.694579999999999864e-01
6.632000000000000000e+03 4.695309999999999762e-01
6.633000000000000000e+03 4.696040000000000214e-01
6.634000000000000000e+03 4.696770000000000111e-01
6.635000000000000000e+03 4.697500000000000009e-01
6.636000000000000000e+03 4.697230000000000016e-01
6.637000000000000000e+03 4.696980000000000044e-01
6.638000000000000000e+03 4.696719999999999784e-01
6.639000000000000000e+03 4.696460000000000079e-01
6.640000000000000000e+03 4.696199999999999819e-01
6.641000000000000000e+03 4.696210000000000107e-01
6.642000000000000000e+03 4.696219999999999839e-01
6.643000000000000000e+03 4.696219999999999839e-01
6.644000000000000000e+03 4.696210000000000107e-01
6.645000000000000000e+03 4.696199999999999819e-01
6.646000000000000000e+03 4.697169999999999956e-01
6.647000000000000000e+03 4.698129999999999806e-01
6.648000000000000000e+03 4.699090000000000211e-01
6.649000000000000000e+03 4.700030000000000041e-01
6.650000000000000000e+03 4.700969999999999871e-01
6.651000000000000000e+03 4.700579999999999758e-01
6.652000000000000000e+03 4.700179999999999914e-01
6.653000000000000000e+03 4.699769999999999781e-01
6.654000000000000000e+03 4.699349999999999916e-01
6.655000000000000000e+03 4.698919999999999764e-01
6.656000000000000000e+03 4.698479999999999879e-01
6.657000000000000000e+03 4.698039999999999994e-01
6.658000000000000000e+03 4.697589999999999821e-01
6.659000000000000000e+03 4.697129999999999916e-01
6.660000000000000000e+03 4.696670000000000011e-01
6.661000000000000000e+03 4.697370000000000156e-01
6.662000000000000000e+03 4.698060000000000014e-01
6.663000000000000000e+03 4.698760000000000159e-01
6.664000000000000000e+03 4.699459999999999749e-01
6.665000000000000000e+03 4.700159999999999894e-01
6.666000000000000000e+03 4.699869999999999881e-01
6.667000000000000000e+03 4.699590000000000156e-01
6.668000000000000000e+03 4.699309999999999876e-01
6.669000000000000000e+03 4.699030000000000151e-01
6.670000000000000000e+03 4.698749999999999871e-01
6.671000000000000000e+03 4.698410000000000086e-01
6.672000000000000000e+03 4.698060000000000014e-01
6.673000000000000000e+03 4.697709999999999941e-01
6.674000000000000000e+03 4.697359999999999869e-01
6.675000000000000000e+03 4.697000000000000064e-01
6.676000000000000000e+03 4.697629999999999861e-01
6.677000000000000000e+03 4.698249999999999926e-01
6.678000000000000000e+03 4.698860000000000259e-01
6.679000000000000000e+03 4.699459999999999749e-01
6.680000000000000000e+03 4.700059999999999794e-01
6.681000000000000000e+03 4.700210000000000221e-01
6.682000000000000000e+03 4.700360000000000094e-01
6.683000000000000000e+03 4.700509999999999966e-01
6.684000000000000000e+03 4.700659999999999838e-01
6.685000000000000000e+03 4.700799999999999979e-01
6.686000000000000000e+03 4.700940000000000119e-01
6.687000000000000000e+03 4.701069999999999971e-01
6.688000000000000000e+03 4.701210000000000111e-01
6.689000000000000000e+03 4.701350000000000251e-01
6.690000000000000000e+03 4.701489999999999836e-01
6.691000000000000000e+03 4.702629999999999866e-01
6.692000000000000000e+03 4.703780000000000183e-01
6.693000000000000000e+03 4.704940000000000233e-01
6.694000000000000000e+03 4.706119999999999748e-01
6.695000000000000000e+03 4.707319999999999838e-01
6.696000000000000000e+03 4.707529999999999770e-01
6.697000000000000000e+03 4.707759999999999723e-01
6.698000000000000000e+03 4.708010000000000250e-01
6.699000000000000000e+03 4.708269999999999955e-01
6.700000000000000000e+03 4.708539999999999948e-01
6.701000000000000000e+03 4.708100000000000063e-01
6.702000000000000000e+03 4.707669999999999910e-01
6.703000000000000000e+03 4.707250000000000045e-01
6.704000000000000000e+03 4.706839999999999913e-01
6.705000000000000000e+03 4.706440000000000068e-01
6.706000000000000000e+03 4.707029999999999825e-01
6.707000000000000000e+03 4.707640000000000158e-01
6.708000000000000000e+03 4.708249999999999935e-01
6.709000000000000000e+03 4.708860000000000268e-01
6.710000000000000000e+03 4.709479999999999777e-01
6.711000000000000000e+03 4.709499999999999797e-01
6.712000000000000000e+03 4.709519999999999817e-01
6.713000000000000000e+03 4.709530000000000105e-01
6.714000000000000000e+03 4.709550000000000125e-01
6.715000000000000000e+03 4.709559999999999858e-01
6.716000000000000000e+03 4.709559999999999858e-01
6.717000000000000000e+03 4.709570000000000145e-01
6.718000000000000000e+03 4.709570000000000145e-01
6.719000000000000000e+03 4.709579999999999878e-01
6.720000000000000000e+03 4.709579999999999878e-01
6.721000000000000000e+03 4.710099999999999842e-01
6.722000000000000000e+03 4.710619999999999807e-01
6.723000000000000000e+03 4.711139999999999772e-01
6.724000000000000000e+03 4.711659999999999737e-01
6.725000000000000000e+03 4.712180000000000257e-01
6.726000000000000000e+03 4.711710000000000065e-01
6.727000000000000000e+03 4.711230000000000140e-01
6.728000000000000000e+03 4.710759999999999947e-01
6.729000000000000000e+03 4.710280000000000022e-01
6.730000000000000000e+03 4.709809999999999830e-01
6.731000000000000000e+03 4.709579999999999878e-01
6.732000000000000000e+03 4.709360000000000213e-01
6.733000000000000000e+03 4.709130000000000260e-01
6.734000000000000000e+03 4.708910000000000040e-01
6.735000000000000000e+03 4.708680000000000088e-01
6.736000000000000000e+03 4.708450000000000135e-01
6.737000000000000000e+03 4.708229999999999915e-01
6.738000000000000000e+03 4.707999999999999963e-01
6.739000000000000000e+03 4.707770000000000010e-01
6.740000000000000000e+03 4.707549999999999790e-01
6.741000000000000000e+03 4.708559999999999968e-01
6.742000000000000000e+03 4.709579999999999878e-01
6.743000000000000000e+03 4.710599999999999787e-01
6.744000000000000000e+03 4.711620000000000252e-01
6.745000000000000000e+03 4.712629999999999875e-01
6.746000000000000000e+03 4.712660000000000182e-01
6.747000000000000000e+03 4.712680000000000202e-01
6.748000000000000000e+03 4.712709999999999955e-01
6.749000000000000000e+03 4.712729999999999975e-01
6.750000000000000000e+03 4.712749999999999995e-01
6.751000000000000000e+03 4.712359999999999882e-01
6.752000000000000000e+03 4.711969999999999770e-01
6.753000000000000000e+03 4.711580000000000212e-01
6.754000000000000000e+03 4.711190000000000100e-01
6.755000000000000000e+03 4.710799999999999987e-01
6.756000000000000000e+03 4.710409999999999875e-01
6.757000000000000000e+03 4.710019999999999762e-01
6.758000000000000000e+03 4.709630000000000205e-01
6.759000000000000000e+03 4.709240000000000093e-01
6.760000000000000000e+03 4.708849999999999980e-01
6.761000000000000000e+03 4.709809999999999830e-01
6.762000000000000000e+03 4.710759999999999947e-01
6.763000000000000000e+03 4.711710000000000065e-01
6.764000000000000000e+03 4.712660000000000182e-01
6.765000000000000000e+03 4.713609999999999745e-01
6.766000000000000000e+03 4.713570000000000260e-01
6.767000000000000000e+03 4.711060000000000247e-01
6.768000000000000000e+03 4.708550000000000235e-01
6.769000000000000000e+03 4.699119999999999964e-01
6.770000000000000000e+03 4.689690000000000247e-01
6.771000000000000000e+03 4.680360000000000076e-01
6.772000000000000000e+03 4.671029999999999904e-01
6.773000000000000000e+03 4.661699999999999733e-01
6.774000000000000000e+03 4.652370000000000116e-01
6.775000000000000000e+03 4.643030000000000213e-01
6.776000000000000000e+03 4.634679999999999911e-01
6.777000000000000000e+03 4.626319999999999877e-01
6.778000000000000000e+03 4.617950000000000110e-01
6.779000000000000000e+03 4.609579999999999789e-01
6.780000000000000000e+03 4.601210000000000022e-01
6.781000000000000000e+03 4.591600000000000126e-01
6.782000000000000000e+03 4.581999999999999962e-01
6.783000000000000000e+03 4.572640000000000038e-01
6.784000000000000000e+03 4.563280000000000114e-01
6.785000000000000000e+03 4.553920000000000190e-01
6.786000000000000000e+03 4.544560000000000266e-01
6.787000000000000000e+03 4.535199999999999787e-01
6.788000000000000000e+03 4.525839999999999863e-01
6.789000000000000000e+03 4.516479999999999939e-01
6.790000000000000000e+03 4.507120000000000015e-01
6.791000000000000000e+03 4.497709999999999764e-01
6.792000000000000000e+03 4.488300000000000067e-01
6.793000000000000000e+03 4.478650000000000131e-01
6.794000000000000000e+03 4.469000000000000195e-01
6.795000000000000000e+03 4.459589999999999943e-01
6.796000000000000000e+03 4.450180000000000247e-01
6.797000000000000000e+03 4.440779999999999728e-01
6.798000000000000000e+03 4.431370000000000031e-01
6.799000000000000000e+03 4.421959999999999780e-01
6.800000000000000000e+03 4.412559999999999816e-01
6.801000000000000000e+03 4.403810000000000224e-01
6.802000000000000000e+03 4.395049999999999790e-01
6.803000000000000000e+03 4.379120000000000235e-01
6.804000000000000000e+03 4.363179999999999836e-01
6.805000000000000000e+03 4.344999999999999973e-01
6.806000000000000000e+03 4.325919999999999765e-01
6.807000000000000000e+03 4.306590000000000140e-01
6.808000000000000000e+03 4.287259999999999960e-01
6.809000000000000000e+03 4.268179999999999752e-01
6.810000000000000000e+03 4.249100000000000099e-01
6.811000000000000000e+03 4.230160000000000031e-01
6.812000000000000000e+03 4.211219999999999963e-01
6.813000000000000000e+03 4.192040000000000211e-01
6.814000000000000000e+03 4.172850000000000170e-01
6.815000000000000000e+03 4.153919999999999835e-01
6.816000000000000000e+03 4.134979999999999767e-01
6.817000000000000000e+03 4.116049999999999986e-01
6.818000000000000000e+03 4.097120000000000206e-01
6.819000000000000000e+03 4.077939999999999898e-01
6.820000000000000000e+03 4.058760000000000145e-01
6.821000000000000000e+03 4.039679999999999938e-01
6.822000000000000000e+03 4.020589999999999997e-01
6.823000000000000000e+03 4.001509999999999789e-01
6.824000000000000000e+03 3.982439999999999869e-01
6.825000000000000000e+03 3.963110000000000244e-01
6.826000000000000000e+03 3.944619999999999793e-01
6.827000000000000000e+03 3.926370000000000138e-01
6.828000000000000000e+03 3.908119999999999927e-01
6.829000000000000000e+03 3.889859999999999984e-01
6.830000000000000000e+03 3.871589999999999754e-01
6.831000000000000000e+03 3.852269999999999861e-01
6.832000000000000000e+03 3.832960000000000256e-01
6.833000000000000000e+03 3.813889999999999780e-01
6.834000000000000000e+03 3.794830000000000148e-01
6.835000000000000000e+03 3.775769999999999960e-01
6.836000000000000000e+03 3.756720000000000059e-01
6.837000000000000000e+03 3.737670000000000159e-01
6.838000000000000000e+03 3.718629999999999991e-01
6.839000000000000000e+03 3.699339999999999851e-01
6.840000000000000000e+03 3.680050000000000265e-01
6.841000000000000000e+03 3.661030000000000117e-01
6.842000000000000000e+03 3.642000000000000237e-01
6.843000000000000000e+03 3.622969999999999802e-01
6.844000000000000000e+03 3.603939999999999921e-01
6.845000000000000000e+03 3.584660000000000069e-01
6.846000000000000000e+03 3.565369999999999928e-01
6.847000000000000000e+03 3.546329999999999760e-01
6.848000000000000000e+03 3.527279999999999860e-01
6.849000000000000000e+03 3.508229999999999960e-01
6.850000000000000000e+03 3.489169999999999772e-01
6.851000000000000000e+03 3.469889999999999919e-01
6.852000000000000000e+03 3.450590000000000046e-01
6.853000000000000000e+03 3.431549999999999878e-01
6.854000000000000000e+03 3.412490000000000245e-01
6.855000000000000000e+03 3.393439999999999790e-01
6.856000000000000000e+03 3.370830000000000215e-01
6.857000000000000000e+03 3.348030000000000173e-01
6.858000000000000000e+03 3.325259999999999883e-01
6.859000000000000000e+03 3.302769999999999873e-01
6.860000000000000000e+03 3.280330000000000190e-01
6.861000000000000000e+03 3.229890000000000261e-01
6.862000000000000000e+03 3.179810000000000136e-01
6.863000000000000000e+03 3.129859999999999864e-01
6.864000000000000000e+03 3.080280000000000240e-01
6.865000000000000000e+03 3.031309999999999838e-01
6.866000000000000000e+03 2.937279999999999891e-01
6.867000000000000000e+03 2.844149999999999734e-01
6.868000000000000000e+03 2.751930000000000209e-01
6.869000000000000000e+03 2.660390000000000255e-01
6.870000000000000000e+03 2.569779999999999842e-01
6.871000000000000000e+03 2.519150000000000000e-01
6.872000000000000000e+03 2.468950000000000033e-01
6.873000000000000000e+03 2.419179999999999942e-01
6.874000000000000000e+03 2.369840000000000002e-01
6.875000000000000000e+03 2.320740000000000025e-01
6.876000000000000000e+03 2.344960000000000100e-01
6.877000000000000000e+03 2.368869999999999865e-01
6.878000000000000000e+03 2.392299999999999982e-01
6.879000000000000000e+03 2.415229999999999877e-01
6.880000000000000000e+03 2.437670000000000115e-01
6.881000000000000000e+03 2.452789999999999970e-01
6.882000000000000000e+03 2.467499999999999971e-01
6.883000000000000000e+03 2.482020000000000060e-01
6.884000000000000000e+03 2.496130000000000015e-01
6.885000000000000000e+03 2.509839999999999849e-01
6.886000000000000000e+03 2.484879999999999867e-01
6.887000000000000000e+03 2.460019999999999984e-01
6.888000000000000000e+03 2.435269999999999935e-01
6.889000000000000000e+03 2.410420000000000063e-01
6.890000000000000000e+03 2.385680000000000023e-01
6.891000000000000000e+03 2.369140000000000135e-01
6.892000000000000000e+03 2.352599999999999969e-01
6.893000000000000000e+03 2.336070000000000091e-01
6.894000000000000000e+03 2.319549999999999945e-01
6.895000000000000000e+03 2.302819999999999867e-01
6.896000000000000000e+03 2.296519999999999950e-01
6.897000000000000000e+03 2.290300000000000114e-01
6.898000000000000000e+03 2.283940000000000137e-01
6.899000000000000000e+03 2.277430000000000010e-01
6.900000000000000000e+03 2.270780000000000021e-01
6.901000000000000000e+03 2.262059999999999904e-01
6.902000000000000000e+03 2.253219999999999945e-01
6.903000000000000000e+03 2.244480000000000086e-01
6.904000000000000000e+03 2.235630000000000117e-01
6.905000000000000000e+03 2.226650000000000018e-01
6.906000000000000000e+03 2.218569999999999987e-01
6.907000000000000000e+03 2.210139999999999882e-01
6.908000000000000000e+03 2.201559999999999906e-01
6.909000000000000000e+03 2.193080000000000029e-01
6.910000000000000000e+03 2.184450000000000003e-01
6.911000000000000000e+03 2.173380000000000034e-01
6.912000000000000000e+03 2.162209999999999965e-01
6.913000000000000000e+03 2.150710000000000122e-01
6.914000000000000000e+03 2.139099999999999890e-01
6.915000000000000000e+03 2.127620000000000067e-01
6.916000000000000000e+03 2.115559999999999941e-01
6.917000000000000000e+03 2.103410000000000002e-01
6.918000000000000000e+03 2.091169999999999973e-01
6.919000000000000000e+03 2.078589999999999882e-01
6.920000000000000000e+03 2.065919999999999979e-01
6.921000000000000000e+03 2.052690000000000070e-01
6.922000000000000000e+03 2.039380000000000082e-01
6.923000000000000000e+03 2.025980000000000003e-01
6.924000000000000000e+03 2.012500000000000122e-01
6.925000000000000000e+03 1.998689999999999911e-01
6.926000000000000000e+03 1.983949999999999880e-01
6.927000000000000000e+03 1.969380000000000019e-01
6.928000000000000000e+03 1.954740000000000089e-01
6.929000000000000000e+03 1.940030000000000088e-01
6.930000000000000000e+03 1.925260000000000027e-01
6.931000000000000000e+03 1.908040000000000014e-01
6.932000000000000000e+03 1.890799999999999981e-01
6.933000000000000000e+03 1.873769999999999880e-01
6.934000000000000000e+03 1.856720000000000037e-01
6.935000000000000000e+03 1.839649999999999896e-01
6.936000000000000000e+03 1.821379999999999943e-01
6.937000000000000000e+03 1.803109999999999991e-01
6.938000000000000000e+03 1.784840000000000038e-01
6.939000000000000000e+03 1.766330000000000122e-01
6.940000000000000000e+03 1.747809999999999919e-01
6.941000000000000000e+03 1.729759999999999909e-01
6.942000000000000000e+03 1.711699999999999888e-01
6.943000000000000000e+03 1.693630000000000135e-01
6.944000000000000000e+03 1.675560000000000105e-01
6.945000000000000000e+03 1.657240000000000102e-01
6.946000000000000000e+03 1.639960000000000029e-01
6.947000000000000000e+03 1.622899999999999898e-01
6.948000000000000000e+03 1.605810000000000015e-01
6.949000000000000000e+03 1.588690000000000102e-01
6.950000000000000000e+03 1.571539999999999881e-01
6.951000000000000000e+03 1.553519999999999901e-01
6.952000000000000000e+03 1.535489999999999911e-01
6.953000000000000000e+03 1.517689999999999872e-01
6.954000000000000000e+03 1.499870000000000092e-01
6.955000000000000000e+03 1.482030000000000014e-01
6.956000000000000000e+03 1.463560000000000139e-01
6.957000000000000000e+03 1.444850000000000023e-01
6.958000000000000000e+03 1.426129999999999898e-01
6.959000000000000000e+03 1.407660000000000022e-01
6.960000000000000000e+03 1.389189999999999869e-01
6.961000000000000000e+03 1.372400000000000009e-01
6.962000000000000000e+03 1.355560000000000098e-01
6.963000000000000000e+03 1.338429999999999898e-01
6.964000000000000000e+03 1.321259999999999935e-01
6.965000000000000000e+03 1.304279999999999884e-01
6.966000000000000000e+03 1.287540000000000073e-01
6.967000000000000000e+03 1.270739999999999925e-01
6.968000000000000000e+03 1.253890000000000005e-01
6.969000000000000000e+03 1.236740000000000061e-01
6.970000000000000000e+03 1.219530000000000058e-01
6.971000000000000000e+03 1.201080000000000064e-01
6.972000000000000000e+03 1.182620000000000060e-01
6.973000000000000000e+03 1.164150000000000046e-01
6.974000000000000000e+03 1.145680000000000032e-01
6.975000000000000000e+03 1.126950000000000035e-01
6.976000000000000000e+03 1.107749999999999985e-01
6.977000000000000000e+03 1.088810000000000056e-01
6.978000000000000000e+03 1.069869999999999988e-01
6.979000000000000000e+03 1.050940000000000069e-01
6.980000000000000000e+03 1.032020000000000021e-01
6.981000000000000000e+03 1.012379999999999947e-01
6.982000000000000000e+03 9.927590000000000026e-02
6.983000000000000000e+03 9.734130000000000560e-02
6.984000000000000000e+03 9.540930000000000244e-02
6.985000000000000000e+03 9.347999999999999365e-02
6.986000000000000000e+03 9.151489999999999625e-02
6.987000000000000000e+03 8.955390000000000572e-02
6.988000000000000000e+03 8.759720000000000006e-02
6.989000000000000000e+03 8.562019999999999353e-02
6.990000000000000000e+03 8.364760000000000251e-02
6.991000000000000000e+03 8.179350000000000509e-02
6.992000000000000000e+03 7.993959999999999955e-02
6.993000000000000000e+03 7.808579999999999688e-02
6.994000000000000000e+03 7.623219999999999996e-02
6.995000000000000000e+03 7.435429999999999817e-02
6.996000000000000000e+03 7.250710000000000488e-02
6.997000000000000000e+03 7.068290000000000683e-02
6.998000000000000000e+03 6.885729999999999629e-02
6.999000000000000000e+03 6.703019999999999812e-02
7.000000000000000000e+03 6.520159999999999845e-02
7.001000000000000000e+03 6.332250000000000378e-02
7.002000000000000000e+03 6.144329999999999931e-02
7.003000000000000000e+03 5.958859999999999851e-02
7.004000000000000000e+03 5.773389999999999772e-02
7.005000000000000000e+03 5.587919999999999693e-02
7.006000000000000000e+03 5.402450000000000307e-02
7.007000000000000000e+03 5.214540000000000147e-02
7.008000000000000000e+03 5.026629999999999987e-02
7.009000000000000000e+03 4.841170000000000195e-02
7.010000000000000000e+03 4.655700000000000116e-02
7.011000000000000000e+03 4.562839999999999951e-02
7.012000000000000000e+03 4.469970000000000193e-02
7.013000000000000000e+03 4.377120000000000316e-02
7.014000000000000000e+03 4.284269999999999745e-02
7.015000000000000000e+03 4.191419999999999868e-02
7.016000000000000000e+03 4.099450000000000316e-02
7.017000000000000000e+03 4.005000000000000226e-02
7.018000000000000000e+03 3.910519999999999968e-02
7.019000000000000000e+03 3.818450000000000316e-02
7.020000000000000000e+03 3.726340000000000208e-02
7.021000000000000000e+03 3.633510000000000212e-02
7.022000000000000000e+03 3.540689999999999810e-02
7.023000000000000000e+03 3.447859999999999814e-02
7.024000000000000000e+03 3.355040000000000106e-02
7.025000000000000000e+03 3.262219999999999703e-02
7.026000000000000000e+03 3.170739999999999670e-02
7.027000000000000000e+03 3.079180000000000111e-02
7.028000000000000000e+03 2.987549999999999928e-02
7.029000000000000000e+03 2.893389999999999851e-02
7.030000000000000000e+03 2.799149999999999902e-02
7.031000000000000000e+03 2.708510000000000084e-02
7.032000000000000000e+03 2.617699999999999888e-02
7.033000000000000000e+03 2.526739999999999889e-02
7.034000000000000000e+03 2.435609999999999858e-02
7.035000000000000000e+03 2.344320000000000084e-02
7.036000000000000000e+03 2.250989999999999935e-02
7.037000000000000000e+03 2.157660000000000133e-02
7.038000000000000000e+03 2.064320000000000044e-02
7.039000000000000000e+03 1.970970000000000014e-02
7.040000000000000000e+03 1.877619999999999983e-02
7.041000000000000000e+03 1.781709999999999891e-02
7.042000000000000000e+03 1.685800000000000146e-02
7.043000000000000000e+03 1.592359999999999956e-02
7.044000000000000000e+03 1.498919999999999940e-02
7.045000000000000000e+03 1.405490000000000038e-02
7.046000000000000000e+03 1.312070000000000077e-02
7.047000000000000000e+03 1.218649999999999942e-02
7.048000000000000000e+03 1.125250000000000035e-02
7.049000000000000000e+03 1.031849999999999955e-02
7.050000000000000000e+03 9.384530000000000302e-03
7.051000000000000000e+03 8.450710000000000166e-03
7.052000000000000000e+03 7.516959999999999614e-03
7.053000000000000000e+03 6.558699999999999773e-03
7.054000000000000000e+03 5.600499999999999576e-03
7.055000000000000000e+03 4.666929999999999690e-03
7.056000000000000000e+03 3.734209999999999960e-03
7.057000000000000000e+03 2.801150000000000081e-03
7.058000000000000000e+03 1.867759999999999993e-03
7.059000000000000000e+03 9.340470000000000239e-04
