3.864000000000000000e+03 4.995720000000000169e-14
3.865000000000000000e+03 2.542619999999999993e-04
3.866000000000000000e+03 5.090389999999999759e-04
3.867000000000000000e+03 1.005699999999999997e-03
3.868000000000000000e+03 1.503360000000000026e-03
3.869000000000000000e+03 2.015470000000000109e-03
3.870000000000000000e+03 2.528610000000000146e-03
3.871000000000000000e+03 3.030059999999999785e-03
3.872000000000000000e+03 3.532759999999999807e-03
3.873000000000000000e+03 4.050210000000000268e-03
3.874000000000000000e+03 4.568960000000000382e-03
3.875000000000000000e+03 5.088989999999999833e-03
3.876000000000000000e+03 5.608710000000000258e-03
3.877000000000000000e+03 6.115869999999999813e-03
3.878000000000000000e+03 6.624009999999999621e-03
3.879000000000000000e+03 7.146699999999999754e-03
3.880000000000000000e+03 7.670390000000000021e-03
3.881000000000000000e+03 8.181439999999999893e-03
3.882000000000000000e+03 8.693460000000000076e-03
3.883000000000000000e+03 9.220100000000000171e-03
3.884000000000000000e+03 9.747739999999999530e-03
3.885000000000000000e+03 1.026269999999999960e-02
3.886000000000000000e+03 1.078169999999999996e-02
3.887000000000000000e+03 1.131569999999999972e-02
3.888000000000000000e+03 1.185100000000000042e-02
3.889000000000000000e+03 1.237380000000000077e-02
3.890000000000000000e+03 1.289790000000000034e-02
3.891000000000000000e+03 1.343250000000000000e-02
3.892000000000000000e+03 1.396799999999999951e-02
3.893000000000000000e+03 1.450450000000000003e-02
3.894000000000000000e+03 1.504199999999999982e-02
3.895000000000000000e+03 1.556659999999999988e-02
3.896000000000000000e+03 1.609220000000000095e-02
3.897000000000000000e+03 1.663260000000000086e-02
3.898000000000000000e+03 1.717399999999999829e-02
3.899000000000000000e+03 1.770249999999999949e-02
3.900000000000000000e+03 1.823200000000000168e-02
3.901000000000000000e+03 1.878259999999999999e-02
3.902000000000000000e+03 1.933450000000000099e-02
3.903000000000000000e+03 1.987389999999999990e-02
3.904000000000000000e+03 2.041470000000000090e-02
3.905000000000000000e+03 2.097080000000000125e-02
3.906000000000000000e+03 2.152219999999999828e-02
3.907000000000000000e+03 2.207469999999999918e-02
3.908000000000000000e+03 2.262830000000000050e-02
3.909000000000000000e+03 2.316899999999999862e-02
3.910000000000000000e+03 2.371080000000000063e-02
3.911000000000000000e+03 2.426570000000000116e-02
3.912000000000000000e+03 2.482169999999999863e-02
3.913000000000000000e+03 2.536450000000000163e-02
3.914000000000000000e+03 2.590840000000000157e-02
3.915000000000000000e+03 2.673499999999999835e-02
3.916000000000000000e+03 2.756310000000000010e-02
3.917000000000000000e+03 2.864680000000000004e-02
3.918000000000000000e+03 2.973249999999999851e-02
3.919000000000000000e+03 3.082009999999999958e-02
3.920000000000000000e+03 3.190960000000000324e-02
3.921000000000000000e+03 3.301090000000000274e-02
3.922000000000000000e+03 3.411480000000000068e-02
3.923000000000000000e+03 3.522129999999999705e-02
3.924000000000000000e+03 3.633030000000000287e-02
3.925000000000000000e+03 3.744179999999999731e-02
3.926000000000000000e+03 3.854509999999999881e-02
3.927000000000000000e+03 3.965040000000000231e-02
3.928000000000000000e+03 4.075759999999999800e-02
3.929000000000000000e+03 4.186669999999999975e-02
3.930000000000000000e+03 4.297779999999999656e-02
3.931000000000000000e+03 4.410630000000000106e-02
3.932000000000000000e+03 4.523689999999999656e-02
3.933000000000000000e+03 4.635510000000000325e-02
3.934000000000000000e+03 4.747540000000000093e-02
3.935000000000000000e+03 4.859759999999999774e-02
3.936000000000000000e+03 4.973579999999999668e-02
3.937000000000000000e+03 5.087649999999999811e-02
3.938000000000000000e+03 5.201979999999999799e-02
3.939000000000000000e+03 5.316579999999999917e-02
3.940000000000000000e+03 5.431439999999999879e-02
3.941000000000000000e+03 5.544949999999999879e-02
3.942000000000000000e+03 5.658649999999999791e-02
3.943000000000000000e+03 5.772569999999999785e-02
3.944000000000000000e+03 5.886700000000000266e-02
3.945000000000000000e+03 6.001039999999999847e-02
3.946000000000000000e+03 6.115589999999999915e-02
3.947000000000000000e+03 6.230360000000000065e-02
3.948000000000000000e+03 6.345339999999999314e-02
3.949000000000000000e+03 6.461999999999999689e-02
3.950000000000000000e+03 6.578879999999999451e-02
3.951000000000000000e+03 6.694089999999999763e-02
3.952000000000000000e+03 6.809510000000000562e-02
3.953000000000000000e+03 6.925149999999999362e-02
3.954000000000000000e+03 7.041000000000000036e-02
3.955000000000000000e+03 7.157070000000000098e-02
3.956000000000000000e+03 7.273369999999999835e-02
3.957000000000000000e+03 7.389900000000000635e-02
3.958000000000000000e+03 7.506649999999999434e-02
3.959000000000000000e+03 7.623620000000000396e-02
3.960000000000000000e+03 7.740800000000000458e-02
3.961000000000000000e+03 7.860459999999999670e-02
3.962000000000000000e+03 7.980389999999999706e-02
3.963000000000000000e+03 8.100590000000000568e-02
3.964000000000000000e+03 8.221040000000000292e-02
3.965000000000000000e+03 8.343209999999999515e-02
3.966000000000000000e+03 8.463310000000000277e-02
3.967000000000000000e+03 8.582109999999999739e-02
3.968000000000000000e+03 8.701100000000000501e-02
3.969000000000000000e+03 8.820269999999999500e-02
3.970000000000000000e+03 8.939610000000000611e-02
3.971000000000000000e+03 9.059330000000000160e-02
3.972000000000000000e+03 9.179220000000000435e-02
3.973000000000000000e+03 9.299269999999999758e-02
3.974000000000000000e+03 9.419470000000000620e-02
3.975000000000000000e+03 9.539830000000000532e-02
3.976000000000000000e+03 9.660340000000000593e-02
3.977000000000000000e+03 9.781009999999999704e-02
3.978000000000000000e+03 9.901830000000000354e-02
3.979000000000000000e+03 1.002279999999999976e-01
3.980000000000000000e+03 1.014390000000000014e-01
3.981000000000000000e+03 1.026640000000000053e-01
3.982000000000000000e+03 1.038899999999999962e-01
3.983000000000000000e+03 1.051020000000000010e-01
3.984000000000000000e+03 1.063169999999999948e-01
3.985000000000000000e+03 1.075330000000000036e-01
3.986000000000000000e+03 1.087810000000000027e-01
3.987000000000000000e+03 1.100310000000000038e-01
3.988000000000000000e+03 1.112839999999999940e-01
3.989000000000000000e+03 1.125390000000000001e-01
3.990000000000000000e+03 1.137959999999999944e-01
3.991000000000000000e+03 1.150240000000000012e-01
3.992000000000000000e+03 1.162539999999999962e-01
3.993000000000000000e+03 1.174850000000000061e-01
3.994000000000000000e+03 1.187180000000000041e-01
3.995000000000000000e+03 1.199540000000000051e-01
3.996000000000000000e+03 1.211909999999999932e-01
3.997000000000000000e+03 1.224299999999999972e-01
3.998000000000000000e+03 1.236720000000000041e-01
3.999000000000000000e+03 1.249299999999999994e-01
4.000000000000000000e+03 1.261899999999999966e-01
4.001000000000000000e+03 1.274299999999999877e-01
4.002000000000000000e+03 1.286720000000000086e-01
4.003000000000000000e+03 1.299160000000000037e-01
4.004000000000000000e+03 1.311620000000000008e-01
4.005000000000000000e+03 1.324089999999999989e-01
4.006000000000000000e+03 1.336579999999999990e-01
4.007000000000000000e+03 1.349090000000000011e-01
4.008000000000000000e+03 1.361610000000000043e-01
4.009000000000000000e+03 1.374160000000000104e-01
4.010000000000000000e+03 1.386719999999999897e-01
4.011000000000000000e+03 1.399650000000000061e-01
4.012000000000000000e+03 1.412599999999999967e-01
4.013000000000000000e+03 1.425579999999999903e-01
4.014000000000000000e+03 1.438580000000000136e-01
4.015000000000000000e+03 1.451759999999999995e-01
4.016000000000000000e+03 1.464570000000000038e-01
4.017000000000000000e+03 1.477239999999999942e-01
4.018000000000000000e+03 1.489929999999999866e-01
4.019000000000000000e+03 1.502630000000000077e-01
4.020000000000000000e+03 1.515350000000000030e-01
4.021000000000000000e+03 1.528160000000000074e-01
4.022000000000000000e+03 1.540980000000000127e-01
4.023000000000000000e+03 1.553829999999999933e-01
4.024000000000000000e+03 1.566690000000000027e-01
4.025000000000000000e+03 1.579579999999999873e-01
4.026000000000000000e+03 1.592480000000000007e-01
4.027000000000000000e+03 1.605399999999999883e-01
4.028000000000000000e+03 1.618330000000000046e-01
4.029000000000000000e+03 1.631289999999999962e-01
4.030000000000000000e+03 1.644269999999999898e-01
4.031000000000000000e+03 1.657460000000000044e-01
4.032000000000000000e+03 1.670669999999999933e-01
4.033000000000000000e+03 1.683749999999999969e-01
4.034000000000000000e+03 1.696840000000000015e-01
4.035000000000000000e+03 1.709950000000000081e-01
4.036000000000000000e+03 1.723089999999999899e-01
4.037000000000000000e+03 1.736240000000000006e-01
4.038000000000000000e+03 1.749410000000000132e-01
4.039000000000000000e+03 1.762600000000000000e-01
4.040000000000000000e+03 1.775809999999999889e-01
4.041000000000000000e+03 1.788839999999999875e-01
4.042000000000000000e+03 1.801879999999999871e-01
4.043000000000000000e+03 1.814939999999999887e-01
4.044000000000000000e+03 1.828009999999999913e-01
4.045000000000000000e+03 1.841099999999999959e-01
4.046000000000000000e+03 1.854709999999999970e-01
4.047000000000000000e+03 1.868340000000000001e-01
4.048000000000000000e+03 1.881990000000000052e-01
4.049000000000000000e+03 1.895830000000000015e-01
4.050000000000000000e+03 1.909689999999999999e-01
4.051000000000000000e+03 1.922979999999999967e-01
4.052000000000000000e+03 1.936279999999999946e-01
4.053000000000000000e+03 1.949609999999999954e-01
4.054000000000000000e+03 1.962949999999999973e-01
4.055000000000000000e+03 1.976310000000000011e-01
4.056000000000000000e+03 1.989690000000000070e-01
4.057000000000000000e+03 2.003080000000000138e-01
4.058000000000000000e+03 2.016499999999999959e-01
4.059000000000000000e+03 2.029930000000000068e-01
4.060000000000000000e+03 2.043379999999999919e-01
4.061000000000000000e+03 2.056890000000000107e-01
4.062000000000000000e+03 2.070430000000000048e-01
4.063000000000000000e+03 2.083979999999999999e-01
4.064000000000000000e+03 2.097549999999999970e-01
4.065000000000000000e+03 2.111300000000000121e-01
4.066000000000000000e+03 2.125070000000000014e-01
4.067000000000000000e+03 2.138700000000000045e-01
4.068000000000000000e+03 2.152340000000000086e-01
4.069000000000000000e+03 2.166009999999999880e-01
4.070000000000000000e+03 2.179689999999999961e-01
4.071000000000000000e+03 2.193289999999999962e-01
4.072000000000000000e+03 2.206909999999999983e-01
4.073000000000000000e+03 2.220540000000000014e-01
4.074000000000000000e+03 2.234190000000000065e-01
4.075000000000000000e+03 2.247860000000000136e-01
4.076000000000000000e+03 2.261549999999999949e-01
4.077000000000000000e+03 2.275250000000000050e-01
4.078000000000000000e+03 2.288969999999999894e-01
4.079000000000000000e+03 2.302710000000000035e-01
4.080000000000000000e+03 2.316469999999999918e-01
4.081000000000000000e+03 2.330460000000000031e-01
4.082000000000000000e+03 2.344469999999999887e-01
4.083000000000000000e+03 2.358339999999999881e-01
4.084000000000000000e+03 2.372229999999999894e-01
4.085000000000000000e+03 2.386129999999999918e-01
4.086000000000000000e+03 2.400049999999999961e-01
4.087000000000000000e+03 2.414000000000000035e-01
4.088000000000000000e+03 2.427950000000000108e-01
4.089000000000000000e+03 2.441929999999999934e-01
4.090000000000000000e+03 2.455930000000000057e-01
4.091000000000000000e+03 2.469830000000000081e-01
4.092000000000000000e+03 2.483760000000000134e-01
4.093000000000000000e+03 2.497699999999999920e-01
4.094000000000000000e+03 2.511660000000000004e-01
4.095000000000000000e+03 2.525629999999999820e-01
4.096000000000000000e+03 2.539629999999999943e-01
4.097000000000000000e+03 2.553639999999999799e-01
4.098000000000000000e+03 2.567659999999999942e-01
4.099000000000000000e+03 2.581869999999999998e-01
4.100000000000000000e+03 2.596100000000000074e-01
4.101000000000000000e+03 2.610149999999999970e-01
4.102000000000000000e+03 2.624219999999999886e-01
4.103000000000000000e+03 2.638309999999999822e-01
4.104000000000000000e+03 2.652410000000000045e-01
4.105000000000000000e+03 2.666529999999999734e-01
4.106000000000000000e+03 2.681379999999999875e-01
4.107000000000000000e+03 2.696259999999999768e-01
4.108000000000000000e+03 2.711149999999999949e-01
4.109000000000000000e+03 2.726080000000000170e-01
4.110000000000000000e+03 2.741020000000000123e-01
4.111000000000000000e+03 2.755340000000000011e-01
4.112000000000000000e+03 2.769670000000000187e-01
4.113000000000000000e+03 2.784019999999999828e-01
4.114000000000000000e+03 2.798390000000000044e-01
4.115000000000000000e+03 2.812939999999999885e-01
4.116000000000000000e+03 2.827509999999999746e-01
4.117000000000000000e+03 2.841929999999999734e-01
4.118000000000000000e+03 2.856369999999999743e-01
4.119000000000000000e+03 2.870829999999999771e-01
4.120000000000000000e+03 2.885300000000000087e-01
4.121000000000000000e+03 2.899660000000000015e-01
4.122000000000000000e+03 2.914030000000000231e-01
4.123000000000000000e+03 2.923729999999999940e-01
4.124000000000000000e+03 2.933439999999999936e-01
4.125000000000000000e+03 2.941489999999999938e-01
4.126000000000000000e+03 2.949539999999999940e-01
4.127000000000000000e+03 2.957779999999999854e-01
4.128000000000000000e+03 2.966019999999999768e-01
4.129000000000000000e+03 2.974269999999999969e-01
4.130000000000000000e+03 2.982529999999999903e-01
4.131000000000000000e+03 2.990760000000000085e-01
4.132000000000000000e+03 2.999009999999999732e-01
4.133000000000000000e+03 3.007429999999999826e-01
4.134000000000000000e+03 3.015860000000000207e-01
4.135000000000000000e+03 3.024140000000000161e-01
4.136000000000000000e+03 3.032420000000000115e-01
4.137000000000000000e+03 3.040880000000000249e-01
4.138000000000000000e+03 3.049350000000000116e-01
4.139000000000000000e+03 3.057659999999999823e-01
4.140000000000000000e+03 3.065979999999999817e-01
4.141000000000000000e+03 3.074319999999999831e-01
4.142000000000000000e+03 3.082670000000000132e-01
4.143000000000000000e+03 3.090860000000000274e-01
4.144000000000000000e+03 3.099060000000000148e-01
4.145000000000000000e+03 3.107440000000000202e-01
4.146000000000000000e+03 3.115820000000000256e-01
4.147000000000000000e+03 3.124210000000000043e-01
4.148000000000000000e+03 3.132619999999999849e-01
4.149000000000000000e+03 3.140859999999999763e-01
4.150000000000000000e+03 3.149109999999999965e-01
4.151000000000000000e+03 3.157429999999999959e-01
4.152000000000000000e+03 3.165760000000000240e-01
4.153000000000000000e+03 3.173920000000000075e-01
4.154000000000000000e+03 3.182099999999999929e-01
4.155000000000000000e+03 3.190450000000000230e-01
4.156000000000000000e+03 3.198819999999999997e-01
4.157000000000000000e+03 3.205479999999999996e-01
4.158000000000000000e+03 3.212139999999999995e-01
4.159000000000000000e+03 3.214029999999999943e-01
4.160000000000000000e+03 3.215910000000000157e-01
4.161000000000000000e+03 3.218050000000000077e-01
4.162000000000000000e+03 3.220199999999999729e-01
4.163000000000000000e+03 3.222340000000000204e-01
4.164000000000000000e+03 3.224489999999999856e-01
4.165000000000000000e+03 3.226629999999999776e-01
4.166000000000000000e+03 3.228779999999999983e-01
4.167000000000000000e+03 3.230930000000000191e-01
4.168000000000000000e+03 3.233079999999999843e-01
4.169000000000000000e+03 3.235230000000000050e-01
4.170000000000000000e+03 3.237389999999999990e-01
4.171000000000000000e+03 3.239190000000000125e-01
4.172000000000000000e+03 3.240999999999999992e-01
4.173000000000000000e+03 3.242809999999999859e-01
4.174000000000000000e+03 3.244619999999999727e-01
4.175000000000000000e+03 3.246430000000000149e-01
4.176000000000000000e+03 3.248240000000000016e-01
4.177000000000000000e+03 3.250049999999999883e-01
4.178000000000000000e+03 3.251859999999999751e-01
4.179000000000000000e+03 3.253670000000000173e-01
4.180000000000000000e+03 3.255489999999999773e-01
4.181000000000000000e+03 3.257519999999999860e-01
4.182000000000000000e+03 3.259560000000000235e-01
4.183000000000000000e+03 3.261600000000000055e-01
4.184000000000000000e+03 3.263639999999999874e-01
4.185000000000000000e+03 3.265680000000000249e-01
4.186000000000000000e+03 3.267720000000000069e-01
4.187000000000000000e+03 3.269759999999999889e-01
4.188000000000000000e+03 3.271800000000000264e-01
4.189000000000000000e+03 3.273840000000000083e-01
4.190000000000000000e+03 3.275890000000000191e-01
4.191000000000000000e+03 3.277860000000000218e-01
4.192000000000000000e+03 3.279830000000000245e-01
4.193000000000000000e+03 3.281810000000000005e-01
4.194000000000000000e+03 3.283780000000000032e-01
4.195000000000000000e+03 3.285759999999999792e-01
4.196000000000000000e+03 3.287740000000000107e-01
4.197000000000000000e+03 3.289710000000000134e-01
4.198000000000000000e+03 3.291689999999999894e-01
4.199000000000000000e+03 3.293670000000000209e-01
4.200000000000000000e+03 3.295649999999999968e-01
4.201000000000000000e+03 3.297510000000000163e-01
4.202000000000000000e+03 3.299360000000000070e-01
4.203000000000000000e+03 3.301220000000000265e-01
4.204000000000000000e+03 3.303079999999999905e-01
4.205000000000000000e+03 3.304940000000000100e-01
4.206000000000000000e+03 3.306799999999999740e-01
4.207000000000000000e+03 3.308659999999999934e-01
4.208000000000000000e+03 3.310520000000000129e-01
4.209000000000000000e+03 3.312379999999999769e-01
4.210000000000000000e+03 3.314239999999999964e-01
4.211000000000000000e+03 3.316080000000000139e-01
4.212000000000000000e+03 3.317919999999999758e-01
4.213000000000000000e+03 3.319759999999999933e-01
4.214000000000000000e+03 3.321600000000000108e-01
4.215000000000000000e+03 3.323439999999999728e-01
4.216000000000000000e+03 3.325290000000000190e-01
4.217000000000000000e+03 3.327129999999999810e-01
4.218000000000000000e+03 3.328969999999999985e-01
4.219000000000000000e+03 3.330819999999999892e-01
4.220000000000000000e+03 3.332660000000000067e-01
4.221000000000000000e+03 3.334500000000000242e-01
4.222000000000000000e+03 3.336350000000000149e-01
4.223000000000000000e+03 3.338189999999999769e-01
4.224000000000000000e+03 3.340029999999999943e-01
4.225000000000000000e+03 3.341879999999999851e-01
4.226000000000000000e+03 3.343729999999999758e-01
4.227000000000000000e+03 3.345569999999999933e-01
4.228000000000000000e+03 3.347419999999999840e-01
4.229000000000000000e+03 3.349269999999999747e-01
4.230000000000000000e+03 3.351120000000000210e-01
4.231000000000000000e+03 3.352140000000000120e-01
4.232000000000000000e+03 3.353160000000000029e-01
4.233000000000000000e+03 3.354179999999999939e-01
4.234000000000000000e+03 3.355199999999999849e-01
4.235000000000000000e+03 3.356230000000000047e-01
4.236000000000000000e+03 3.358110000000000261e-01
4.237000000000000000e+03 3.360000000000000209e-01
4.238000000000000000e+03 3.361879999999999868e-01
4.239000000000000000e+03 3.363769999999999816e-01
4.240000000000000000e+03 3.365659999999999763e-01
4.241000000000000000e+03 3.367530000000000245e-01
4.242000000000000000e+03 3.369400000000000173e-01
4.243000000000000000e+03 3.371279999999999832e-01
4.244000000000000000e+03 3.373160000000000047e-01
4.245000000000000000e+03 3.375029999999999974e-01
4.246000000000000000e+03 3.376910000000000189e-01
4.247000000000000000e+03 3.378789999999999849e-01
4.248000000000000000e+03 3.380670000000000064e-01
4.249000000000000000e+03 3.382549999999999724e-01
4.250000000000000000e+03 3.384429999999999938e-01
4.251000000000000000e+03 3.386430000000000273e-01
4.252000000000000000e+03 3.388430000000000053e-01
4.253000000000000000e+03 3.390429999999999833e-01
4.254000000000000000e+03 3.392430000000000168e-01
4.255000000000000000e+03 3.394429999999999947e-01
4.256000000000000000e+03 3.396440000000000015e-01
4.257000000000000000e+03 3.398439999999999794e-01
4.258000000000000000e+03 3.400449999999999862e-01
4.259000000000000000e+03 3.402450000000000196e-01
4.260000000000000000e+03 3.404460000000000264e-01
4.261000000000000000e+03 3.406259999999999843e-01
4.262000000000000000e+03 3.408059999999999978e-01
4.263000000000000000e+03 3.409860000000000113e-01
4.264000000000000000e+03 3.411660000000000248e-01
4.265000000000000000e+03 3.413459999999999828e-01
4.266000000000000000e+03 3.415259999999999962e-01
4.267000000000000000e+03 3.417060000000000097e-01
4.268000000000000000e+03 3.418860000000000232e-01
4.269000000000000000e+03 3.420670000000000099e-01
4.270000000000000000e+03 3.422470000000000234e-01
4.271000000000000000e+03 3.424059999999999881e-01
4.272000000000000000e+03 3.425650000000000084e-01
4.273000000000000000e+03 3.427239999999999731e-01
4.274000000000000000e+03 3.428840000000000221e-01
4.275000000000000000e+03 3.430429999999999868e-01
4.276000000000000000e+03 3.431150000000000033e-01
4.277000000000000000e+03 3.431870000000000198e-01
4.278000000000000000e+03 3.432589999999999808e-01
4.279000000000000000e+03 3.433309999999999973e-01
4.280000000000000000e+03 3.434030000000000138e-01
4.281000000000000000e+03 3.436699999999999755e-01
4.282000000000000000e+03 3.439360000000000195e-01
4.283000000000000000e+03 3.442029999999999812e-01
4.284000000000000000e+03 3.444699999999999984e-01
4.285000000000000000e+03 3.447370000000000156e-01
4.286000000000000000e+03 3.449160000000000004e-01
4.287000000000000000e+03 3.450960000000000139e-01
4.288000000000000000e+03 3.452760000000000273e-01
4.289000000000000000e+03 3.454559999999999853e-01
4.290000000000000000e+03 3.456350000000000255e-01
4.291000000000000000e+03 3.458319999999999728e-01
4.292000000000000000e+03 3.460289999999999755e-01
4.293000000000000000e+03 3.462259999999999782e-01
4.294000000000000000e+03 3.464229999999999809e-01
4.295000000000000000e+03 3.466199999999999837e-01
4.296000000000000000e+03 3.467299999999999827e-01
4.297000000000000000e+03 3.468399999999999817e-01
4.298000000000000000e+03 3.469490000000000074e-01
4.299000000000000000e+03 3.470590000000000064e-01
4.300000000000000000e+03 3.471679999999999766e-01
4.301000000000000000e+03 3.473379999999999801e-01
4.302000000000000000e+03 3.475079999999999836e-01
4.303000000000000000e+03 3.476770000000000138e-01
4.304000000000000000e+03 3.478470000000000173e-01
4.305000000000000000e+03 3.480170000000000208e-01
4.306000000000000000e+03 3.481870000000000243e-01
4.307000000000000000e+03 3.483570000000000277e-01
4.308000000000000000e+03 3.485269999999999757e-01
4.309000000000000000e+03 3.486969999999999792e-01
4.310000000000000000e+03 3.488669999999999827e-01
4.311000000000000000e+03 3.490369999999999862e-01
4.312000000000000000e+03 3.492069999999999896e-01
4.313000000000000000e+03 3.493769999999999931e-01
4.314000000000000000e+03 3.495469999999999966e-01
4.315000000000000000e+03 3.497170000000000001e-01
4.316000000000000000e+03 3.498870000000000036e-01
4.317000000000000000e+03 3.500570000000000070e-01
4.318000000000000000e+03 3.502270000000000105e-01
4.319000000000000000e+03 3.503979999999999873e-01
4.320000000000000000e+03 3.505679999999999907e-01
4.321000000000000000e+03 3.507580000000000142e-01
4.322000000000000000e+03 3.509490000000000109e-01
4.323000000000000000e+03 3.511389999999999789e-01
4.324000000000000000e+03 3.513299999999999756e-01
4.325000000000000000e+03 3.515199999999999991e-01
4.326000000000000000e+03 3.516230000000000189e-01
4.327000000000000000e+03 3.517250000000000099e-01
4.328000000000000000e+03 3.518270000000000008e-01
4.329000000000000000e+03 3.519300000000000206e-01
4.330000000000000000e+03 3.520320000000000116e-01
4.331000000000000000e+03 3.521909999999999763e-01
4.332000000000000000e+03 3.523490000000000233e-01
4.333000000000000000e+03 3.525079999999999880e-01
4.334000000000000000e+03 3.526670000000000083e-01
4.335000000000000000e+03 3.528259999999999730e-01
4.336000000000000000e+03 3.529849999999999932e-01
4.337000000000000000e+03 3.531449999999999867e-01
4.338000000000000000e+03 3.533040000000000069e-01
4.339000000000000000e+03 3.534640000000000004e-01
4.340000000000000000e+03 3.536239999999999939e-01
4.341000000000000000e+03 3.537020000000000164e-01
4.342000000000000000e+03 3.537799999999999834e-01
4.343000000000000000e+03 3.538580000000000059e-01
4.344000000000000000e+03 3.539349999999999996e-01
4.345000000000000000e+03 3.540119999999999933e-01
4.346000000000000000e+03 3.541770000000000196e-01
4.347000000000000000e+03 3.543410000000000171e-01
4.348000000000000000e+03 3.545039999999999858e-01
4.349000000000000000e+03 3.546670000000000100e-01
4.350000000000000000e+03 3.548290000000000055e-01
4.351000000000000000e+03 3.549860000000000237e-01
4.352000000000000000e+03 3.551429999999999865e-01
4.353000000000000000e+03 3.552980000000000027e-01
4.354000000000000000e+03 3.554539999999999922e-01
4.355000000000000000e+03 3.556079999999999797e-01
4.356000000000000000e+03 3.557620000000000227e-01
4.357000000000000000e+03 3.559160000000000101e-01
4.358000000000000000e+03 3.560699999999999976e-01
4.359000000000000000e+03 3.562230000000000119e-01
4.360000000000000000e+03 3.563760000000000261e-01
4.361000000000000000e+03 3.565309999999999868e-01
4.362000000000000000e+03 3.566860000000000031e-01
4.363000000000000000e+03 3.568410000000000193e-01
4.364000000000000000e+03 3.569959999999999800e-01
4.365000000000000000e+03 3.571500000000000230e-01
4.366000000000000000e+03 3.573049999999999837e-01
4.367000000000000000e+03 3.574579999999999980e-01
4.368000000000000000e+03 3.576119999999999854e-01
4.369000000000000000e+03 3.577640000000000264e-01
4.370000000000000000e+03 3.579169999999999852e-01
4.371000000000000000e+03 3.580559999999999854e-01
4.372000000000000000e+03 3.581949999999999856e-01
4.373000000000000000e+03 3.583330000000000126e-01
4.374000000000000000e+03 3.584720000000000129e-01
4.375000000000000000e+03 3.586099999999999843e-01
4.376000000000000000e+03 3.587489999999999846e-01
4.377000000000000000e+03 3.588870000000000116e-01
4.378000000000000000e+03 3.590260000000000118e-01
4.379000000000000000e+03 3.591650000000000120e-01
4.380000000000000000e+03 3.593049999999999855e-01
4.381000000000000000e+03 3.593540000000000068e-01
4.382000000000000000e+03 3.594029999999999725e-01
4.383000000000000000e+03 3.594530000000000225e-01
4.384000000000000000e+03 3.595039999999999902e-01
4.385000000000000000e+03 3.595550000000000135e-01
4.386000000000000000e+03 3.596960000000000157e-01
4.387000000000000000e+03 3.598370000000000180e-01
4.388000000000000000e+03 3.599780000000000202e-01
4.389000000000000000e+03 3.601199999999999957e-01
4.390000000000000000e+03 3.602620000000000267e-01
4.391000000000000000e+03 3.603129999999999944e-01
4.392000000000000000e+03 3.603640000000000176e-01
4.393000000000000000e+03 3.604160000000000141e-01
4.394000000000000000e+03 3.604680000000000106e-01
4.395000000000000000e+03 3.605200000000000071e-01
4.396000000000000000e+03 3.606630000000000114e-01
4.397000000000000000e+03 3.608060000000000156e-01
4.398000000000000000e+03 3.609499999999999931e-01
4.399000000000000000e+03 3.610949999999999993e-01
4.400000000000000000e+03 3.612400000000000055e-01
4.401000000000000000e+03 3.613979999999999970e-01
4.402000000000000000e+03 3.615559999999999885e-01
4.403000000000000000e+03 3.617150000000000087e-01
4.404000000000000000e+03 3.618750000000000022e-01
4.405000000000000000e+03 3.620349999999999957e-01
4.406000000000000000e+03 3.621969999999999912e-01
4.407000000000000000e+03 3.623589999999999867e-01
4.408000000000000000e+03 3.625209999999999821e-01
4.409000000000000000e+03 3.626840000000000064e-01
4.410000000000000000e+03 3.628480000000000039e-01
4.411000000000000000e+03 3.630059999999999953e-01
4.412000000000000000e+03 3.631639999999999868e-01
4.413000000000000000e+03 3.633219999999999783e-01
4.414000000000000000e+03 3.634800000000000253e-01
4.415000000000000000e+03 3.636369999999999880e-01
4.416000000000000000e+03 3.637949999999999795e-01
4.417000000000000000e+03 3.639519999999999977e-01
4.418000000000000000e+03 3.641099999999999892e-01
4.419000000000000000e+03 3.642670000000000075e-01
4.420000000000000000e+03 3.644249999999999989e-01
4.421000000000000000e+03 3.645680000000000032e-01
4.422000000000000000e+03 3.647110000000000074e-01
4.423000000000000000e+03 3.648549999999999849e-01
4.424000000000000000e+03 3.649979999999999891e-01
4.425000000000000000e+03 3.651420000000000221e-01
4.426000000000000000e+03 3.651949999999999918e-01
4.427000000000000000e+03 3.652489999999999903e-01
4.428000000000000000e+03 3.653020000000000156e-01
4.429000000000000000e+03 3.653560000000000141e-01
4.430000000000000000e+03 3.654100000000000126e-01
4.431000000000000000e+03 3.655490000000000128e-01
4.432000000000000000e+03 3.656889999999999863e-01
4.433000000000000000e+03 3.658290000000000153e-01
4.434000000000000000e+03 3.659689999999999888e-01
4.435000000000000000e+03 3.661090000000000177e-01
4.436000000000000000e+03 3.662480000000000180e-01
4.437000000000000000e+03 3.663879999999999915e-01
4.438000000000000000e+03 3.665280000000000205e-01
4.439000000000000000e+03 3.666679999999999939e-01
4.440000000000000000e+03 3.668080000000000229e-01
4.441000000000000000e+03 3.668460000000000054e-01
4.442000000000000000e+03 3.668850000000000167e-01
4.443000000000000000e+03 3.669229999999999992e-01
4.444000000000000000e+03 3.669609999999999816e-01
4.445000000000000000e+03 3.669990000000000197e-01
4.446000000000000000e+03 3.670370000000000021e-01
4.447000000000000000e+03 3.670749999999999846e-01
4.448000000000000000e+03 3.671130000000000226e-01
4.449000000000000000e+03 3.671519999999999784e-01
4.450000000000000000e+03 3.671900000000000164e-01
4.451000000000000000e+03 3.673509999999999831e-01
4.452000000000000000e+03 3.675120000000000053e-01
4.453000000000000000e+03 3.676740000000000008e-01
4.454000000000000000e+03 3.678350000000000231e-01
4.455000000000000000e+03 3.679959999999999898e-01
4.456000000000000000e+03 3.681579999999999853e-01
4.457000000000000000e+03 3.683190000000000075e-01
4.458000000000000000e+03 3.684810000000000030e-01
4.459000000000000000e+03 3.686420000000000252e-01
4.460000000000000000e+03 3.688040000000000207e-01
4.461000000000000000e+03 3.690329999999999999e-01
4.462000000000000000e+03 3.692630000000000079e-01
4.463000000000000000e+03 3.694919999999999871e-01
4.464000000000000000e+03 3.697219999999999951e-01
4.465000000000000000e+03 3.699520000000000031e-01
4.466000000000000000e+03 3.699999999999999956e-01
4.467000000000000000e+03 3.700490000000000168e-01
4.468000000000000000e+03 3.700979999999999825e-01
4.469000000000000000e+03 3.701470000000000038e-01
4.470000000000000000e+03 3.701960000000000250e-01
4.471000000000000000e+03 3.703339999999999965e-01
4.472000000000000000e+03 3.704729999999999968e-01
4.473000000000000000e+03 3.706119999999999970e-01
4.474000000000000000e+03 3.707509999999999972e-01
4.475000000000000000e+03 3.708899999999999975e-01
4.476000000000000000e+03 3.709379999999999900e-01
4.477000000000000000e+03 3.709870000000000112e-01
4.478000000000000000e+03 3.710350000000000037e-01
4.479000000000000000e+03 3.710829999999999962e-01
4.480000000000000000e+03 3.711320000000000174e-01
4.481000000000000000e+03 3.712810000000000277e-01
4.482000000000000000e+03 3.714299999999999824e-01
4.483000000000000000e+03 3.715800000000000214e-01
4.484000000000000000e+03 3.717289999999999761e-01
4.485000000000000000e+03 3.718790000000000151e-01
4.486000000000000000e+03 3.720289999999999986e-01
4.487000000000000000e+03 3.721789999999999821e-01
4.488000000000000000e+03 3.723299999999999943e-01
4.489000000000000000e+03 3.724810000000000065e-01
4.490000000000000000e+03 3.726309999999999900e-01
4.491000000000000000e+03 3.727539999999999742e-01
4.492000000000000000e+03 3.728759999999999852e-01
4.493000000000000000e+03 3.729979999999999962e-01
4.494000000000000000e+03 3.731189999999999785e-01
4.495000000000000000e+03 3.732389999999999874e-01
4.496000000000000000e+03 3.733589999999999964e-01
4.497000000000000000e+03 3.734790000000000054e-01
4.498000000000000000e+03 3.735970000000000124e-01
4.499000000000000000e+03 3.737150000000000194e-01
4.500000000000000000e+03 3.738319999999999976e-01
4.501000000000000000e+03 3.738670000000000049e-01
4.502000000000000000e+03 3.739009999999999834e-01
4.503000000000000000e+03 3.739339999999999886e-01
4.504000000000000000e+03 3.739660000000000206e-01
4.505000000000000000e+03 3.739979999999999971e-01
4.506000000000000000e+03 3.741200000000000081e-01
4.507000000000000000e+03 3.742409999999999903e-01
4.508000000000000000e+03 3.743619999999999726e-01
4.509000000000000000e+03 3.744830000000000103e-01
4.510000000000000000e+03 3.746030000000000193e-01
4.511000000000000000e+03 3.747110000000000163e-01
4.512000000000000000e+03 3.748190000000000133e-01
4.513000000000000000e+03 3.749270000000000103e-01
4.514000000000000000e+03 3.750350000000000072e-01
4.515000000000000000e+03 3.751430000000000042e-01
4.516000000000000000e+03 3.751599999999999935e-01
4.517000000000000000e+03 3.751769999999999827e-01
4.518000000000000000e+03 3.751940000000000275e-01
4.519000000000000000e+03 3.752099999999999880e-01
4.520000000000000000e+03 3.752260000000000040e-01
4.521000000000000000e+03 3.753500000000000170e-01
4.522000000000000000e+03 3.754730000000000012e-01
4.523000000000000000e+03 3.755959999999999854e-01
4.524000000000000000e+03 3.757190000000000252e-01
4.525000000000000000e+03 3.758420000000000094e-01
4.526000000000000000e+03 3.759640000000000204e-01
4.527000000000000000e+03 3.760859999999999759e-01
4.528000000000000000e+03 3.762079999999999869e-01
4.529000000000000000e+03 3.763299999999999979e-01
4.530000000000000000e+03 3.764509999999999801e-01
4.531000000000000000e+03 3.764910000000000201e-01
4.532000000000000000e+03 3.765299999999999758e-01
4.533000000000000000e+03 3.765700000000000158e-01
4.534000000000000000e+03 3.766100000000000003e-01
4.535000000000000000e+03 3.766499999999999848e-01
4.536000000000000000e+03 3.767809999999999770e-01
4.537000000000000000e+03 3.769129999999999980e-01
4.538000000000000000e+03 3.770439999999999903e-01
4.539000000000000000e+03 3.771749999999999825e-01
4.540000000000000000e+03 3.773070000000000035e-01
4.541000000000000000e+03 3.774159999999999737e-01
4.542000000000000000e+03 3.775259999999999727e-01
4.543000000000000000e+03 3.776360000000000272e-01
4.544000000000000000e+03 3.777479999999999727e-01
4.545000000000000000e+03 3.778599999999999737e-01
4.546000000000000000e+03 3.779730000000000034e-01
4.547000000000000000e+03 3.780870000000000064e-01
4.548000000000000000e+03 3.782010000000000094e-01
4.549000000000000000e+03 3.783170000000000144e-01
4.550000000000000000e+03 3.784339999999999926e-01
4.551000000000000000e+03 3.784580000000000166e-01
4.552000000000000000e+03 3.784839999999999871e-01
4.553000000000000000e+03 3.785100000000000131e-01
4.554000000000000000e+03 3.785359999999999836e-01
4.555000000000000000e+03 3.785629999999999828e-01
4.556000000000000000e+03 3.786829999999999918e-01
4.557000000000000000e+03 3.788020000000000276e-01
4.558000000000000000e+03 3.789230000000000098e-01
4.559000000000000000e+03 3.790430000000000188e-01
4.560000000000000000e+03 3.791640000000000010e-01
4.561000000000000000e+03 3.791860000000000230e-01
4.562000000000000000e+03 3.792090000000000183e-01
4.563000000000000000e+03 3.792309999999999848e-01
4.564000000000000000e+03 3.792530000000000068e-01
4.565000000000000000e+03 3.792749999999999733e-01
4.566000000000000000e+03 3.793880000000000030e-01
4.567000000000000000e+03 3.795000000000000040e-01
4.568000000000000000e+03 3.796129999999999782e-01
4.569000000000000000e+03 3.797249999999999792e-01
4.570000000000000000e+03 3.798380000000000090e-01
4.571000000000000000e+03 3.799750000000000072e-01
4.572000000000000000e+03 3.801120000000000054e-01
4.573000000000000000e+03 3.802490000000000037e-01
4.574000000000000000e+03 3.803869999999999751e-01
4.575000000000000000e+03 3.805239999999999734e-01
4.576000000000000000e+03 3.805689999999999906e-01
4.577000000000000000e+03 3.806149999999999811e-01
4.578000000000000000e+03 3.806610000000000271e-01
4.579000000000000000e+03 3.807070000000000176e-01
4.580000000000000000e+03 3.807530000000000081e-01
4.581000000000000000e+03 3.807780000000000054e-01
4.582000000000000000e+03 3.808019999999999738e-01
4.583000000000000000e+03 3.808270000000000266e-01
4.584000000000000000e+03 3.808520000000000238e-01
4.585000000000000000e+03 3.808770000000000211e-01
4.586000000000000000e+03 3.809930000000000261e-01
4.587000000000000000e+03 3.811100000000000043e-01
4.588000000000000000e+03 3.812269999999999825e-01
4.589000000000000000e+03 3.813440000000000163e-01
4.590000000000000000e+03 3.814609999999999945e-01
4.591000000000000000e+03 3.815899999999999848e-01
4.592000000000000000e+03 3.817200000000000037e-01
4.593000000000000000e+03 3.818489999999999940e-01
4.594000000000000000e+03 3.819779999999999842e-01
4.595000000000000000e+03 3.821069999999999744e-01
4.596000000000000000e+03 3.821430000000000105e-01
4.597000000000000000e+03 3.821800000000000197e-01
4.598000000000000000e+03 3.822150000000000269e-01
4.599000000000000000e+03 3.822510000000000074e-01
4.600000000000000000e+03 3.822849999999999859e-01
4.601000000000000000e+03 3.824049999999999949e-01
4.602000000000000000e+03 3.825239999999999752e-01
4.603000000000000000e+03 3.826419999999999821e-01
4.604000000000000000e+03 3.827599999999999891e-01
4.605000000000000000e+03 3.828770000000000229e-01
4.606000000000000000e+03 3.829009999999999914e-01
4.607000000000000000e+03 3.829250000000000154e-01
4.608000000000000000e+03 3.829489999999999839e-01
4.609000000000000000e+03 3.829719999999999791e-01
4.610000000000000000e+03 3.829940000000000011e-01
4.611000000000000000e+03 3.830879999999999841e-01
4.612000000000000000e+03 3.831800000000000206e-01
4.613000000000000000e+03 3.832720000000000016e-01
4.614000000000000000e+03 3.833639999999999826e-01
4.615000000000000000e+03 3.834560000000000191e-01
4.616000000000000000e+03 3.834560000000000191e-01
4.617000000000000000e+03 3.834549999999999903e-01
4.618000000000000000e+03 3.834529999999999883e-01
4.619000000000000000e+03 3.834520000000000151e-01
4.620000000000000000e+03 3.834489999999999843e-01
4.621000000000000000e+03 3.835600000000000120e-01
4.622000000000000000e+03 3.836709999999999843e-01
4.623000000000000000e+03 3.837809999999999833e-01
4.624000000000000000e+03 3.838920000000000110e-01
4.625000000000000000e+03 3.840020000000000100e-01
4.626000000000000000e+03 3.841129999999999822e-01
4.627000000000000000e+03 3.842240000000000100e-01
4.628000000000000000e+03 3.843349999999999822e-01
4.629000000000000000e+03 3.844460000000000099e-01
4.630000000000000000e+03 3.845569999999999822e-01
4.631000000000000000e+03 3.845759999999999734e-01
4.632000000000000000e+03 3.845939999999999914e-01
4.633000000000000000e+03 3.846120000000000094e-01
4.634000000000000000e+03 3.846300000000000274e-01
4.635000000000000000e+03 3.846490000000000187e-01
4.636000000000000000e+03 3.847590000000000177e-01
4.637000000000000000e+03 3.848679999999999879e-01
4.638000000000000000e+03 3.849770000000000136e-01
4.639000000000000000e+03 3.850859999999999839e-01
4.640000000000000000e+03 3.851950000000000096e-01
4.641000000000000000e+03 3.851950000000000096e-01
4.642000000000000000e+03 3.851939999999999809e-01
4.643000000000000000e+03 3.851939999999999809e-01
4.644000000000000000e+03 3.851950000000000096e-01
4.645000000000000000e+03 3.851950000000000096e-01
4.646000000000000000e+03 3.852889999999999926e-01
4.647000000000000000e+03 3.853820000000000023e-01
4.648000000000000000e+03 3.854770000000000141e-01
4.649000000000000000e+03 3.855729999999999991e-01
4.650000000000000000e+03 3.856700000000000128e-01
4.651000000000000000e+03 3.857769999999999810e-01
4.652000000000000000e+03 3.858860000000000068e-01
4.653000000000000000e+03 3.859949999999999770e-01
4.654000000000000000e+03 3.861060000000000048e-01
4.655000000000000000e+03 3.862180000000000057e-01
4.656000000000000000e+03 3.863309999999999800e-01
4.657000000000000000e+03 3.864449999999999830e-01
4.658000000000000000e+03 3.865600000000000147e-01
4.659000000000000000e+03 3.866749999999999909e-01
4.660000000000000000e+03 3.867909999999999959e-01
4.661000000000000000e+03 3.869219999999999882e-01
4.662000000000000000e+03 3.870540000000000092e-01
4.663000000000000000e+03 3.871859999999999746e-01
4.664000000000000000e+03 3.873170000000000224e-01
4.665000000000000000e+03 3.874489999999999879e-01
4.666000000000000000e+03 3.874870000000000259e-01
4.667000000000000000e+03 3.875259999999999816e-01
4.668000000000000000e+03 3.875649999999999928e-01
4.669000000000000000e+03 3.876040000000000041e-01
4.670000000000000000e+03 3.876430000000000153e-01
4.671000000000000000e+03 3.877519999999999856e-01
4.672000000000000000e+03 3.878610000000000113e-01
4.673000000000000000e+03 3.879710000000000103e-01
4.674000000000000000e+03 3.880799999999999805e-01
4.675000000000000000e+03 3.881890000000000063e-01
4.676000000000000000e+03 3.882070000000000243e-01
4.677000000000000000e+03 3.882240000000000135e-01
4.678000000000000000e+03 3.882410000000000028e-01
4.679000000000000000e+03 3.882590000000000208e-01
4.680000000000000000e+03 3.882760000000000100e-01
4.681000000000000000e+03 3.883860000000000090e-01
4.682000000000000000e+03 3.884960000000000080e-01
4.683000000000000000e+03 3.886060000000000070e-01
4.684000000000000000e+03 3.887149999999999772e-01
4.685000000000000000e+03 3.888249999999999762e-01
4.686000000000000000e+03 3.888429999999999942e-01
4.687000000000000000e+03 3.888610000000000122e-01
4.688000000000000000e+03 3.888789999999999747e-01
4.689000000000000000e+03 3.888969999999999927e-01
4.690000000000000000e+03 3.889150000000000107e-01
4.691000000000000000e+03 3.890190000000000037e-01
4.692000000000000000e+03 3.891240000000000254e-01
4.693000000000000000e+03 3.892280000000000184e-01
4.694000000000000000e+03 3.893320000000000114e-01
4.695000000000000000e+03 3.894369999999999776e-01
4.696000000000000000e+03 3.894489999999999896e-01
4.697000000000000000e+03 3.894619999999999749e-01
4.698000000000000000e+03 3.894739999999999869e-01
4.699000000000000000e+03 3.894870000000000276e-01
4.700000000000000000e+03 3.894989999999999841e-01
4.701000000000000000e+03 3.895970000000000266e-01
4.702000000000000000e+03 3.896950000000000136e-01
4.703000000000000000e+03 3.897930000000000006e-01
4.704000000000000000e+03 3.898909999999999876e-01
4.705000000000000000e+03 3.899889999999999746e-01
4.706000000000000000e+03 3.900870000000000171e-01
4.707000000000000000e+03 3.901850000000000041e-01
4.708000000000000000e+03 3.902829999999999910e-01
4.709000000000000000e+03 3.903809999999999780e-01
4.710000000000000000e+03 3.904790000000000205e-01
4.711000000000000000e+03 3.905109999999999970e-01
4.712000000000000000e+03 3.905440000000000023e-01
4.713000000000000000e+03 3.905770000000000075e-01
4.714000000000000000e+03 3.906089999999999840e-01
4.715000000000000000e+03 3.906419999999999892e-01
4.716000000000000000e+03 3.907669999999999755e-01
4.717000000000000000e+03 3.908909999999999885e-01
4.718000000000000000e+03 3.910159999999999747e-01
4.719000000000000000e+03 3.911410000000000164e-01
4.720000000000000000e+03 3.912649999999999739e-01
4.721000000000000000e+03 3.912700000000000067e-01
4.722000000000000000e+03 3.912740000000000107e-01
4.723000000000000000e+03 3.912780000000000147e-01
4.724000000000000000e+03 3.912829999999999919e-01
4.725000000000000000e+03 3.912869999999999959e-01
4.726000000000000000e+03 3.913840000000000097e-01
4.727000000000000000e+03 3.914799999999999947e-01
4.728000000000000000e+03 3.915759999999999796e-01
4.729000000000000000e+03 3.916729999999999934e-01
4.730000000000000000e+03 3.917689999999999784e-01
4.731000000000000000e+03 3.917829999999999924e-01
4.732000000000000000e+03 3.917959999999999776e-01
4.733000000000000000e+03 3.918099999999999916e-01
4.734000000000000000e+03 3.918229999999999769e-01
4.735000000000000000e+03 3.918369999999999909e-01
4.736000000000000000e+03 3.919420000000000126e-01
4.737000000000000000e+03 3.920480000000000076e-01
4.738000000000000000e+03 3.921540000000000026e-01
4.739000000000000000e+03 3.922590000000000243e-01
4.740000000000000000e+03 3.923650000000000193e-01
4.741000000000000000e+03 3.923860000000000126e-01
4.742000000000000000e+03 3.924070000000000058e-01
4.743000000000000000e+03 3.924279999999999990e-01
4.744000000000000000e+03 3.924500000000000210e-01
4.745000000000000000e+03 3.924710000000000143e-01
4.746000000000000000e+03 3.924920000000000075e-01
4.747000000000000000e+03 3.925130000000000008e-01
4.748000000000000000e+03 3.925339999999999940e-01
4.749000000000000000e+03 3.925560000000000160e-01
4.750000000000000000e+03 3.925770000000000093e-01
4.751000000000000000e+03 3.926709999999999923e-01
4.752000000000000000e+03 3.927660000000000040e-01
4.753000000000000000e+03 3.928599999999999870e-01
4.754000000000000000e+03 3.929549999999999987e-01
4.755000000000000000e+03 3.930489999999999817e-01
4.756000000000000000e+03 3.930520000000000125e-01
4.757000000000000000e+03 3.930540000000000145e-01
4.758000000000000000e+03 3.930569999999999897e-01
4.759000000000000000e+03 3.930589999999999917e-01
4.760000000000000000e+03 3.930609999999999937e-01
4.761000000000000000e+03 3.931580000000000075e-01
4.762000000000000000e+03 3.932539999999999925e-01
4.763000000000000000e+03 3.933510000000000062e-01
4.764000000000000000e+03 3.934469999999999912e-01
4.765000000000000000e+03 3.935440000000000049e-01
4.766000000000000000e+03 3.935480000000000089e-01
4.767000000000000000e+03 3.935529999999999862e-01
4.768000000000000000e+03 3.935569999999999902e-01
4.769000000000000000e+03 3.935609999999999942e-01
4.770000000000000000e+03 3.935660000000000269e-01
4.771000000000000000e+03 3.935799999999999854e-01
4.772000000000000000e+03 3.935939999999999994e-01
4.773000000000000000e+03 3.936069999999999847e-01
4.774000000000000000e+03 3.936209999999999987e-01
4.775000000000000000e+03 3.936350000000000127e-01
4.776000000000000000e+03 3.937410000000000077e-01
4.777000000000000000e+03 3.938470000000000026e-01
4.778000000000000000e+03 3.939529999999999976e-01
4.779000000000000000e+03 3.940600000000000214e-01
4.780000000000000000e+03 3.941660000000000164e-01
4.781000000000000000e+03 3.941769999999999996e-01
4.782000000000000000e+03 3.941890000000000116e-01
4.783000000000000000e+03 3.942010000000000236e-01
4.784000000000000000e+03 3.942129999999999801e-01
4.785000000000000000e+03 3.942249999999999921e-01
4.786000000000000000e+03 3.942370000000000041e-01
4.787000000000000000e+03 3.942479999999999873e-01
4.788000000000000000e+03 3.942599999999999993e-01
4.789000000000000000e+03 3.942720000000000113e-01
4.790000000000000000e+03 3.942840000000000233e-01
4.791000000000000000e+03 3.942869999999999986e-01
4.792000000000000000e+03 3.942899999999999738e-01
4.793000000000000000e+03 3.942930000000000046e-01
4.794000000000000000e+03 3.942959999999999798e-01
4.795000000000000000e+03 3.942999999999999838e-01
4.796000000000000000e+03 3.943030000000000146e-01
4.797000000000000000e+03 3.943059999999999898e-01
4.798000000000000000e+03 3.943090000000000206e-01
4.799000000000000000e+03 3.943119999999999958e-01
4.800000000000000000e+03 3.943150000000000266e-01
4.801000000000000000e+03 3.944110000000000116e-01
4.802000000000000000e+03 3.945060000000000233e-01
4.803000000000000000e+03 3.946009999999999796e-01
4.804000000000000000e+03 3.946959999999999913e-01
4.805000000000000000e+03 3.947919999999999763e-01
4.806000000000000000e+03 3.947950000000000070e-01
4.807000000000000000e+03 3.947979999999999823e-01
4.808000000000000000e+03 3.948010000000000130e-01
4.809000000000000000e+03 3.948039999999999883e-01
4.810000000000000000e+03 3.948070000000000190e-01
4.811000000000000000e+03 3.948999999999999733e-01
4.812000000000000000e+03 3.949940000000000118e-01
4.813000000000000000e+03 3.950870000000000215e-01
4.814000000000000000e+03 3.951810000000000045e-01
4.815000000000000000e+03 3.952740000000000142e-01
4.816000000000000000e+03 3.952749999999999875e-01
4.817000000000000000e+03 3.952760000000000162e-01
4.818000000000000000e+03 3.952769999999999895e-01
4.819000000000000000e+03 3.952789999999999915e-01
4.820000000000000000e+03 3.952800000000000202e-01
4.821000000000000000e+03 3.953940000000000232e-01
4.822000000000000000e+03 3.955080000000000262e-01
4.823000000000000000e+03 3.956219999999999737e-01
4.824000000000000000e+03 3.957370000000000054e-01
4.825000000000000000e+03 3.958510000000000084e-01
4.826000000000000000e+03 3.958729999999999749e-01
4.827000000000000000e+03 3.958949999999999969e-01
4.828000000000000000e+03 3.959170000000000189e-01
4.829000000000000000e+03 3.959389999999999854e-01
4.830000000000000000e+03 3.959610000000000074e-01
4.831000000000000000e+03 3.960560000000000191e-01
4.832000000000000000e+03 3.961500000000000021e-01
4.833000000000000000e+03 3.962450000000000139e-01
4.834000000000000000e+03 3.963400000000000256e-01
4.835000000000000000e+03 3.964340000000000086e-01
4.836000000000000000e+03 3.965299999999999936e-01
4.837000000000000000e+03 3.966250000000000053e-01
4.838000000000000000e+03 3.967209999999999903e-01
4.839000000000000000e+03 3.968160000000000021e-01
4.840000000000000000e+03 3.969119999999999870e-01
4.841000000000000000e+03 3.969119999999999870e-01
4.842000000000000000e+03 3.969119999999999870e-01
4.843000000000000000e+03 3.969110000000000138e-01
4.844000000000000000e+03 3.969099999999999850e-01
4.845000000000000000e+03 3.969079999999999830e-01
4.846000000000000000e+03 3.969980000000000175e-01
4.847000000000000000e+03 3.970870000000000233e-01
4.848000000000000000e+03 3.971750000000000003e-01
4.849000000000000000e+03 3.972620000000000040e-01
4.850000000000000000e+03 3.973490000000000077e-01
4.851000000000000000e+03 3.973340000000000205e-01
4.852000000000000000e+03 3.973189999999999777e-01
4.853000000000000000e+03 3.973019999999999885e-01
4.854000000000000000e+03 3.972849999999999993e-01
4.855000000000000000e+03 3.972669999999999813e-01
4.856000000000000000e+03 3.973409999999999997e-01
4.857000000000000000e+03 3.974139999999999895e-01
4.858000000000000000e+03 3.974869999999999792e-01
4.859000000000000000e+03 3.975589999999999957e-01
4.860000000000000000e+03 3.976310000000000122e-01
4.861000000000000000e+03 3.977229999999999932e-01
4.862000000000000000e+03 3.978140000000000009e-01
4.863000000000000000e+03 3.979050000000000087e-01
4.864000000000000000e+03 3.979960000000000164e-01
4.865000000000000000e+03 3.980870000000000242e-01
4.866000000000000000e+03 3.980859999999999954e-01
4.867000000000000000e+03 3.980839999999999934e-01
4.868000000000000000e+03 3.980819999999999914e-01
4.869000000000000000e+03 3.980799999999999894e-01
4.870000000000000000e+03 3.980779999999999874e-01
4.871000000000000000e+03 3.981609999999999872e-01
4.872000000000000000e+03 3.982439999999999869e-01
4.873000000000000000e+03 3.983260000000000134e-01
4.874000000000000000e+03 3.984090000000000131e-01
4.875000000000000000e+03 3.984920000000000129e-01
4.876000000000000000e+03 3.984820000000000029e-01
4.877000000000000000e+03 3.984719999999999929e-01
4.878000000000000000e+03 3.984630000000000116e-01
4.879000000000000000e+03 3.984539999999999749e-01
4.880000000000000000e+03 3.984440000000000204e-01
4.881000000000000000e+03 3.984280000000000044e-01
4.882000000000000000e+03 3.984130000000000171e-01
4.883000000000000000e+03 3.983970000000000011e-01
4.884000000000000000e+03 3.983820000000000139e-01
4.885000000000000000e+03 3.983679999999999999e-01
4.886000000000000000e+03 3.983530000000000126e-01
4.887000000000000000e+03 3.983380000000000254e-01
4.888000000000000000e+03 3.983229999999999826e-01
4.889000000000000000e+03 3.983090000000000241e-01
4.890000000000000000e+03 3.982939999999999814e-01
4.891000000000000000e+03 3.983749999999999791e-01
4.892000000000000000e+03 3.984559999999999769e-01
4.893000000000000000e+03 3.985369999999999746e-01
4.894000000000000000e+03 3.986190000000000011e-01
4.895000000000000000e+03 3.987020000000000008e-01
4.896000000000000000e+03 3.986930000000000196e-01
4.897000000000000000e+03 3.986850000000000116e-01
4.898000000000000000e+03 3.986770000000000036e-01
4.899000000000000000e+03 3.986700000000000244e-01
4.900000000000000000e+03 3.986649999999999916e-01
4.901000000000000000e+03 3.987379999999999813e-01
4.902000000000000000e+03 3.988129999999999731e-01
4.903000000000000000e+03 3.988880000000000203e-01
4.904000000000000000e+03 3.989639999999999853e-01
4.905000000000000000e+03 3.990409999999999791e-01
4.906000000000000000e+03 3.990270000000000206e-01
4.907000000000000000e+03 3.990130000000000066e-01
4.908000000000000000e+03 3.989989999999999926e-01
4.909000000000000000e+03 3.989860000000000073e-01
4.910000000000000000e+03 3.989739999999999953e-01
4.911000000000000000e+03 3.990549999999999931e-01
4.912000000000000000e+03 3.991370000000000196e-01
4.913000000000000000e+03 3.992180000000000173e-01
4.914000000000000000e+03 3.992990000000000150e-01
4.915000000000000000e+03 3.993800000000000128e-01
4.916000000000000000e+03 3.993680000000000008e-01
4.917000000000000000e+03 3.993559999999999888e-01
4.918000000000000000e+03 3.993450000000000055e-01
4.919000000000000000e+03 3.993329999999999935e-01
4.920000000000000000e+03 3.993209999999999815e-01
4.921000000000000000e+03 3.994219999999999993e-01
4.922000000000000000e+03 3.995230000000000170e-01
4.923000000000000000e+03 3.996239999999999792e-01
4.924000000000000000e+03 3.997249999999999970e-01
4.925000000000000000e+03 3.998260000000000147e-01
4.926000000000000000e+03 3.998349999999999960e-01
4.927000000000000000e+03 3.998439999999999772e-01
4.928000000000000000e+03 3.998519999999999852e-01
4.929000000000000000e+03 3.998610000000000220e-01
4.930000000000000000e+03 3.998700000000000032e-01
4.931000000000000000e+03 3.998619999999999952e-01
4.932000000000000000e+03 3.998530000000000140e-01
4.933000000000000000e+03 3.998439999999999772e-01
4.934000000000000000e+03 3.998360000000000247e-01
4.935000000000000000e+03 3.998269999999999880e-01
4.936000000000000000e+03 3.999110000000000165e-01
4.937000000000000000e+03 3.999940000000000162e-01
4.938000000000000000e+03 4.000779999999999892e-01
4.939000000000000000e+03 4.001609999999999889e-01
4.940000000000000000e+03 4.002450000000000174e-01
4.941000000000000000e+03 4.002299999999999747e-01
4.942000000000000000e+03 4.002160000000000162e-01
4.943000000000000000e+03 4.002009999999999734e-01
4.944000000000000000e+03 4.001870000000000149e-01
4.945000000000000000e+03 4.001730000000000009e-01
4.946000000000000000e+03 4.001580000000000137e-01
4.947000000000000000e+03 4.001439999999999997e-01
4.948000000000000000e+03 4.001290000000000124e-01
4.949000000000000000e+03 4.001149999999999984e-01
4.950000000000000000e+03 4.001009999999999844e-01
4.951000000000000000e+03 4.001899999999999902e-01
4.952000000000000000e+03 4.002800000000000247e-01
4.953000000000000000e+03 4.003689999999999749e-01
4.954000000000000000e+03 4.004590000000000094e-01
4.955000000000000000e+03 4.005480000000000151e-01
4.956000000000000000e+03 4.005449999999999844e-01
4.957000000000000000e+03 4.005429999999999824e-01
4.958000000000000000e+03 4.005400000000000071e-01
4.959000000000000000e+03 4.005380000000000051e-01
4.960000000000000000e+03 4.005349999999999744e-01
4.961000000000000000e+03 4.005290000000000239e-01
4.962000000000000000e+03 4.005230000000000179e-01
4.963000000000000000e+03 4.005170000000000119e-01
4.964000000000000000e+03 4.005110000000000059e-01
4.965000000000000000e+03 4.005049999999999999e-01
4.966000000000000000e+03 4.004989999999999939e-01
4.967000000000000000e+03 4.004929999999999879e-01
4.968000000000000000e+03 4.004869999999999819e-01
4.969000000000000000e+03 4.004809999999999759e-01
4.970000000000000000e+03 4.004750000000000254e-01
4.971000000000000000e+03 4.005730000000000124e-01
4.972000000000000000e+03 4.006709999999999994e-01
4.973000000000000000e+03 4.007680000000000131e-01
4.974000000000000000e+03 4.008660000000000001e-01
4.975000000000000000e+03 4.009639999999999871e-01
4.976000000000000000e+03 4.009690000000000198e-01
4.977000000000000000e+03 4.009750000000000258e-01
4.978000000000000000e+03 4.009800000000000031e-01
4.979000000000000000e+03 4.009860000000000091e-01
4.980000000000000000e+03 4.009920000000000151e-01
4.981000000000000000e+03 4.009809999999999763e-01
4.982000000000000000e+03 4.009710000000000218e-01
4.983000000000000000e+03 4.009610000000000118e-01
4.984000000000000000e+03 4.009510000000000018e-01
4.985000000000000000e+03 4.009409999999999918e-01
4.986000000000000000e+03 4.009309999999999818e-01
4.987000000000000000e+03 4.009199999999999986e-01
4.988000000000000000e+03 4.009099999999999886e-01
4.989000000000000000e+03 4.008999999999999786e-01
4.990000000000000000e+03 4.008900000000000241e-01
4.991000000000000000e+03 4.009670000000000178e-01
4.992000000000000000e+03 4.010440000000000116e-01
4.993000000000000000e+03 4.011219999999999786e-01
4.994000000000000000e+03 4.011989999999999723e-01
4.995000000000000000e+03 4.012760000000000216e-01
4.996000000000000000e+03 4.012609999999999788e-01
4.997000000000000000e+03 4.012459999999999916e-01
4.998000000000000000e+03 4.012319999999999776e-01
4.999000000000000000e+03 4.012169999999999903e-01
5.000000000000000000e+03 4.012020000000000031e-01
5.001000000000000000e+03 4.011069999999999913e-01
5.002000000000000000e+03 4.010110000000000063e-01
5.003000000000000000e+03 4.009159999999999946e-01
5.004000000000000000e+03 4.008209999999999829e-01
5.005000000000000000e+03 4.007260000000000266e-01
5.006000000000000000e+03 4.007220000000000226e-01
5.007000000000000000e+03 4.007189999999999919e-01
5.008000000000000000e+03 4.007160000000000166e-01
5.009000000000000000e+03 4.007129999999999859e-01
5.010000000000000000e+03 4.007100000000000106e-01
5.011000000000000000e+03 4.007049999999999779e-01
5.012000000000000000e+03 4.007009999999999739e-01
5.013000000000000000e+03 4.006970000000000254e-01
5.014000000000000000e+03 4.006930000000000214e-01
5.015000000000000000e+03 4.006879999999999886e-01
5.016000000000000000e+03 4.006839999999999846e-01
5.017000000000000000e+03 4.006799999999999806e-01
5.018000000000000000e+03 4.006750000000000034e-01
5.019000000000000000e+03 4.006709999999999994e-01
5.020000000000000000e+03 4.006669999999999954e-01
5.021000000000000000e+03 4.006480000000000041e-01
5.022000000000000000e+03 4.006299999999999861e-01
5.023000000000000000e+03 4.006120000000000236e-01
5.024000000000000000e+03 4.005929999999999769e-01
5.025000000000000000e+03 4.005750000000000144e-01
5.026000000000000000e+03 4.004639999999999866e-01
5.027000000000000000e+03 4.003539999999999877e-01
5.028000000000000000e+03 4.002430000000000154e-01
5.029000000000000000e+03 4.001330000000000164e-01
5.030000000000000000e+03 4.000219999999999887e-01
5.031000000000000000e+03 4.000210000000000155e-01
5.032000000000000000e+03 4.000190000000000135e-01
5.033000000000000000e+03 4.000170000000000115e-01
5.034000000000000000e+03 4.000159999999999827e-01
5.035000000000000000e+03 4.000139999999999807e-01
5.036000000000000000e+03 3.999210000000000265e-01
5.037000000000000000e+03 3.998280000000000167e-01
5.038000000000000000e+03 3.997359999999999802e-01
5.039000000000000000e+03 3.996439999999999992e-01
5.040000000000000000e+03 3.995509999999999895e-01
5.041000000000000000e+03 3.996259999999999812e-01
5.042000000000000000e+03 3.996999999999999997e-01
5.043000000000000000e+03 3.997740000000000182e-01
5.044000000000000000e+03 3.998470000000000080e-01
5.045000000000000000e+03 3.999190000000000245e-01
5.046000000000000000e+03 3.999900000000000122e-01
5.047000000000000000e+03 4.000600000000000267e-01
5.048000000000000000e+03 4.001290000000000124e-01
5.049000000000000000e+03 4.001959999999999962e-01
5.050000000000000000e+03 4.002620000000000067e-01
5.051000000000000000e+03 4.002459999999999907e-01
5.052000000000000000e+03 4.002299999999999747e-01
5.053000000000000000e+03 4.002120000000000122e-01
5.054000000000000000e+03 4.001930000000000209e-01
5.055000000000000000e+03 4.001730000000000009e-01
5.056000000000000000e+03 4.001529999999999809e-01
5.057000000000000000e+03 4.001319999999999877e-01
5.058000000000000000e+03 4.001109999999999944e-01
5.059000000000000000e+03 4.000900000000000012e-01
5.060000000000000000e+03 4.000679999999999792e-01
5.061000000000000000e+03 4.001560000000000117e-01
5.062000000000000000e+03 4.002450000000000174e-01
5.063000000000000000e+03 4.003329999999999944e-01
5.064000000000000000e+03 4.004220000000000002e-01
5.065000000000000000e+03 4.005110000000000059e-01
5.066000000000000000e+03 4.006009999999999849e-01
5.067000000000000000e+03 4.006899999999999906e-01
5.068000000000000000e+03 4.007800000000000251e-01
5.069000000000000000e+03 4.008689999999999753e-01
5.070000000000000000e+03 4.009579999999999811e-01
5.071000000000000000e+03 4.009309999999999818e-01
5.072000000000000000e+03 4.009050000000000114e-01
5.073000000000000000e+03 4.008780000000000121e-01
5.074000000000000000e+03 4.008510000000000129e-01
5.075000000000000000e+03 4.008229999999999849e-01
5.076000000000000000e+03 4.008880000000000221e-01
5.077000000000000000e+03 4.009519999999999751e-01
5.078000000000000000e+03 4.010170000000000123e-01
5.079000000000000000e+03 4.010810000000000208e-01
5.080000000000000000e+03 4.011460000000000026e-01
5.081000000000000000e+03 4.011140000000000261e-01
5.082000000000000000e+03 4.010819999999999941e-01
5.083000000000000000e+03 4.010500000000000176e-01
5.084000000000000000e+03 4.010190000000000143e-01
5.085000000000000000e+03 4.009880000000000111e-01
5.086000000000000000e+03 4.010489999999999888e-01
5.087000000000000000e+03 4.011100000000000221e-01
5.088000000000000000e+03 4.011700000000000266e-01
5.089000000000000000e+03 4.012310000000000043e-01
5.090000000000000000e+03 4.012919999999999821e-01
5.091000000000000000e+03 4.013700000000000045e-01
5.092000000000000000e+03 4.014480000000000270e-01
5.093000000000000000e+03 4.015270000000000228e-01
5.094000000000000000e+03 4.016069999999999918e-01
5.095000000000000000e+03 4.016870000000000163e-01
5.096000000000000000e+03 4.016750000000000043e-01
5.097000000000000000e+03 4.016649999999999943e-01
5.098000000000000000e+03 4.016549999999999843e-01
5.099000000000000000e+03 4.016460000000000030e-01
5.100000000000000000e+03 4.016379999999999950e-01
5.101000000000000000e+03 4.017200000000000215e-01
5.102000000000000000e+03 4.018030000000000213e-01
5.103000000000000000e+03 4.018860000000000210e-01
5.104000000000000000e+03 4.019699999999999940e-01
5.105000000000000000e+03 4.020549999999999957e-01
5.106000000000000000e+03 4.020489999999999897e-01
5.107000000000000000e+03 4.020440000000000125e-01
5.108000000000000000e+03 4.020389999999999797e-01
5.109000000000000000e+03 4.020349999999999757e-01
5.110000000000000000e+03 4.020310000000000272e-01
5.111000000000000000e+03 4.021190000000000042e-01
5.112000000000000000e+03 4.022080000000000100e-01
5.113000000000000000e+03 4.022959999999999869e-01
5.114000000000000000e+03 4.023849999999999927e-01
5.115000000000000000e+03 4.024730000000000252e-01
5.116000000000000000e+03 4.024690000000000212e-01
5.117000000000000000e+03 4.024650000000000172e-01
5.118000000000000000e+03 4.024610000000000132e-01
5.119000000000000000e+03 4.024570000000000092e-01
5.120000000000000000e+03 4.024530000000000052e-01
5.121000000000000000e+03 4.024559999999999804e-01
5.122000000000000000e+03 4.024599999999999844e-01
5.123000000000000000e+03 4.024630000000000152e-01
5.124000000000000000e+03 4.024670000000000192e-01
5.125000000000000000e+03 4.024699999999999944e-01
5.126000000000000000e+03 4.025659999999999794e-01
5.127000000000000000e+03 4.026609999999999912e-01
5.128000000000000000e+03 4.027560000000000029e-01
5.129000000000000000e+03 4.028510000000000146e-01
5.130000000000000000e+03 4.029460000000000264e-01
5.131000000000000000e+03 4.029269999999999796e-01
5.132000000000000000e+03 4.029079999999999884e-01
5.133000000000000000e+03 4.028889999999999971e-01
5.134000000000000000e+03 4.028689999999999771e-01
5.135000000000000000e+03 4.028499999999999859e-01
5.136000000000000000e+03 4.028309999999999946e-01
5.137000000000000000e+03 4.028120000000000034e-01
5.138000000000000000e+03 4.027930000000000121e-01
5.139000000000000000e+03 4.027729999999999921e-01
5.140000000000000000e+03 4.027540000000000009e-01
5.141000000000000000e+03 4.028590000000000226e-01
5.142000000000000000e+03 4.029639999999999889e-01
5.143000000000000000e+03 4.030690000000000106e-01
5.144000000000000000e+03 4.031739999999999768e-01
5.145000000000000000e+03 4.032800000000000273e-01
5.146000000000000000e+03 4.032930000000000126e-01
5.147000000000000000e+03 4.033059999999999978e-01
5.148000000000000000e+03 4.033200000000000118e-01
5.149000000000000000e+03 4.033329999999999971e-01
5.150000000000000000e+03 4.033470000000000111e-01
5.151000000000000000e+03 4.033450000000000091e-01
5.152000000000000000e+03 4.033419999999999783e-01
5.153000000000000000e+03 4.033399999999999763e-01
5.154000000000000000e+03 4.033379999999999743e-01
5.155000000000000000e+03 4.033359999999999723e-01
5.156000000000000000e+03 4.033340000000000258e-01
5.157000000000000000e+03 4.033320000000000238e-01
5.158000000000000000e+03 4.033300000000000218e-01
5.159000000000000000e+03 4.033280000000000198e-01
5.160000000000000000e+03 4.033249999999999891e-01
5.161000000000000000e+03 4.034179999999999988e-01
5.162000000000000000e+03 4.035119999999999818e-01
5.163000000000000000e+03 4.036049999999999915e-01
5.164000000000000000e+03 4.036980000000000013e-01
5.165000000000000000e+03 4.037910000000000110e-01
5.166000000000000000e+03 4.037919999999999843e-01
5.167000000000000000e+03 4.037939999999999863e-01
5.168000000000000000e+03 4.037950000000000150e-01
5.169000000000000000e+03 4.037970000000000170e-01
5.170000000000000000e+03 4.037979999999999903e-01
5.171000000000000000e+03 4.037839999999999763e-01
5.172000000000000000e+03 4.037700000000000178e-01
5.173000000000000000e+03 4.037560000000000038e-01
5.174000000000000000e+03 4.037419999999999898e-01
5.175000000000000000e+03 4.037290000000000045e-01
5.176000000000000000e+03 4.037149999999999905e-01
5.177000000000000000e+03 4.037009999999999765e-01
5.178000000000000000e+03 4.036870000000000180e-01
5.179000000000000000e+03 4.036730000000000040e-01
5.180000000000000000e+03 4.036589999999999900e-01
5.181000000000000000e+03 4.036390000000000255e-01
5.182000000000000000e+03 4.036199999999999788e-01
5.183000000000000000e+03 4.036000000000000143e-01
5.184000000000000000e+03 4.035810000000000231e-01
5.185000000000000000e+03 4.035610000000000031e-01
5.186000000000000000e+03 4.035420000000000118e-01
5.187000000000000000e+03 4.035219999999999918e-01
5.188000000000000000e+03 4.035030000000000006e-01
5.189000000000000000e+03 4.034829999999999806e-01
5.190000000000000000e+03 4.034639999999999893e-01
5.191000000000000000e+03 4.035630000000000051e-01
5.192000000000000000e+03 4.036629999999999940e-01
5.193000000000000000e+03 4.037629999999999830e-01
5.194000000000000000e+03 4.038630000000000275e-01
5.195000000000000000e+03 4.039630000000000165e-01
5.196000000000000000e+03 4.039710000000000245e-01
5.197000000000000000e+03 4.039800000000000058e-01
5.198000000000000000e+03 4.039880000000000138e-01
5.199000000000000000e+03 4.039960000000000218e-01
5.200000000000000000e+03 4.040050000000000030e-01
5.201000000000000000e+03 4.040150000000000130e-01
5.202000000000000000e+03 4.040259999999999962e-01
5.203000000000000000e+03 4.040360000000000062e-01
5.204000000000000000e+03 4.040469999999999895e-01
5.205000000000000000e+03 4.040579999999999727e-01
5.206000000000000000e+03 4.040679999999999827e-01
5.207000000000000000e+03 4.040790000000000215e-01
5.208000000000000000e+03 4.040889999999999760e-01
5.209000000000000000e+03 4.041000000000000147e-01
5.210000000000000000e+03 4.041100000000000247e-01
5.211000000000000000e+03 4.040940000000000087e-01
5.212000000000000000e+03 4.040770000000000195e-01
5.213000000000000000e+03 4.040599999999999747e-01
5.214000000000000000e+03 4.040440000000000142e-01
5.215000000000000000e+03 4.040270000000000250e-01
5.216000000000000000e+03 4.040099999999999802e-01
5.217000000000000000e+03 4.039929999999999910e-01
5.218000000000000000e+03 4.039769999999999750e-01
5.219000000000000000e+03 4.039599999999999858e-01
5.220000000000000000e+03 4.039429999999999965e-01
5.221000000000000000e+03 4.039340000000000153e-01
5.222000000000000000e+03 4.039249999999999785e-01
5.223000000000000000e+03 4.039159999999999973e-01
5.224000000000000000e+03 4.039059999999999873e-01
5.225000000000000000e+03 4.038970000000000060e-01
5.226000000000000000e+03 4.038880000000000248e-01
5.227000000000000000e+03 4.038780000000000148e-01
5.228000000000000000e+03 4.038689999999999780e-01
5.229000000000000000e+03 4.038599999999999968e-01
5.230000000000000000e+03 4.038499999999999868e-01
5.231000000000000000e+03 4.038550000000000195e-01
5.232000000000000000e+03 4.038599999999999968e-01
5.233000000000000000e+03 4.038640000000000008e-01
5.234000000000000000e+03 4.038689999999999780e-01
5.235000000000000000e+03 4.038729999999999820e-01
5.236000000000000000e+03 4.038780000000000148e-01
5.237000000000000000e+03 4.038829999999999920e-01
5.238000000000000000e+03 4.038869999999999960e-01
5.239000000000000000e+03 4.038919999999999733e-01
5.240000000000000000e+03 4.038959999999999773e-01
5.241000000000000000e+03 4.039010000000000100e-01
5.242000000000000000e+03 4.039059999999999873e-01
5.243000000000000000e+03 4.039099999999999913e-01
5.244000000000000000e+03 4.039150000000000240e-01
5.245000000000000000e+03 4.039189999999999725e-01
5.246000000000000000e+03 4.039240000000000053e-01
5.247000000000000000e+03 4.039280000000000093e-01
5.248000000000000000e+03 4.039329999999999865e-01
5.249000000000000000e+03 4.039380000000000193e-01
5.250000000000000000e+03 4.039420000000000233e-01
5.251000000000000000e+03 4.038349999999999995e-01
5.252000000000000000e+03 4.037290000000000045e-01
5.253000000000000000e+03 4.036219999999999808e-01
5.254000000000000000e+03 4.035150000000000126e-01
5.255000000000000000e+03 4.034090000000000176e-01
5.256000000000000000e+03 4.033930000000000016e-01
5.257000000000000000e+03 4.033780000000000143e-01
5.258000000000000000e+03 4.033630000000000271e-01
5.259000000000000000e+03 4.033479999999999843e-01
5.260000000000000000e+03 4.033329999999999971e-01
5.261000000000000000e+03 4.033390000000000031e-01
5.262000000000000000e+03 4.033450000000000091e-01
5.263000000000000000e+03 4.033510000000000151e-01
5.264000000000000000e+03 4.033570000000000211e-01
5.265000000000000000e+03 4.033619999999999983e-01
5.266000000000000000e+03 4.033680000000000043e-01
5.267000000000000000e+03 4.033740000000000103e-01
5.268000000000000000e+03 4.033800000000000163e-01
5.269000000000000000e+03 4.033860000000000223e-01
5.270000000000000000e+03 4.033919999999999728e-01
5.271000000000000000e+03 4.034070000000000156e-01
5.272000000000000000e+03 4.034220000000000028e-01
5.273000000000000000e+03 4.034369999999999901e-01
5.274000000000000000e+03 4.034519999999999773e-01
5.275000000000000000e+03 4.034679999999999933e-01
5.276000000000000000e+03 4.034829999999999806e-01
5.277000000000000000e+03 4.034980000000000233e-01
5.278000000000000000e+03 4.035130000000000106e-01
5.279000000000000000e+03 4.035279999999999978e-01
5.280000000000000000e+03 4.035429999999999851e-01
5.281000000000000000e+03 4.035400000000000098e-01
5.282000000000000000e+03 4.035360000000000058e-01
5.283000000000000000e+03 4.035320000000000018e-01
5.284000000000000000e+03 4.035290000000000266e-01
5.285000000000000000e+03 4.035250000000000226e-01
5.286000000000000000e+03 4.035210000000000186e-01
5.287000000000000000e+03 4.035170000000000146e-01
5.288000000000000000e+03 4.035139999999999838e-01
5.289000000000000000e+03 4.035099999999999798e-01
5.290000000000000000e+03 4.035059999999999758e-01
5.291000000000000000e+03 4.035139999999999838e-01
5.292000000000000000e+03 4.035219999999999918e-01
5.293000000000000000e+03 4.035299999999999998e-01
5.294000000000000000e+03 4.035369999999999790e-01
5.295000000000000000e+03 4.035449999999999871e-01
5.296000000000000000e+03 4.035529999999999951e-01
5.297000000000000000e+03 4.035610000000000031e-01
5.298000000000000000e+03 4.035679999999999823e-01
5.299000000000000000e+03 4.035759999999999903e-01
5.300000000000000000e+03 4.035839999999999983e-01
5.301000000000000000e+03 4.035909999999999775e-01
5.302000000000000000e+03 4.035969999999999835e-01
5.303000000000000000e+03 4.036040000000000183e-01
5.304000000000000000e+03 4.036109999999999975e-01
5.305000000000000000e+03 4.036170000000000035e-01
5.306000000000000000e+03 4.036239999999999828e-01
5.307000000000000000e+03 4.036310000000000175e-01
5.308000000000000000e+03 4.036370000000000235e-01
5.309000000000000000e+03 4.036440000000000028e-01
5.310000000000000000e+03 4.036509999999999820e-01
5.311000000000000000e+03 4.036560000000000148e-01
5.312000000000000000e+03 4.036620000000000208e-01
5.313000000000000000e+03 4.036680000000000268e-01
5.314000000000000000e+03 4.036739999999999773e-01
5.315000000000000000e+03 4.036790000000000100e-01
5.316000000000000000e+03 4.036850000000000160e-01
5.317000000000000000e+03 4.036910000000000220e-01
5.318000000000000000e+03 4.036969999999999725e-01
5.319000000000000000e+03 4.037020000000000053e-01
5.320000000000000000e+03 4.037080000000000113e-01
5.321000000000000000e+03 4.036890000000000200e-01
5.322000000000000000e+03 4.036690000000000000e-01
5.323000000000000000e+03 4.036500000000000088e-01
5.324000000000000000e+03 4.036310000000000175e-01
5.325000000000000000e+03 4.036109999999999975e-01
5.326000000000000000e+03 4.035920000000000063e-01
5.327000000000000000e+03 4.035719999999999863e-01
5.328000000000000000e+03 4.035529999999999951e-01
5.329000000000000000e+03 4.035340000000000038e-01
5.330000000000000000e+03 4.035139999999999838e-01
5.331000000000000000e+03 4.036279999999999868e-01
5.332000000000000000e+03 4.037410000000000165e-01
5.333000000000000000e+03 4.038550000000000195e-01
5.334000000000000000e+03 4.039679999999999938e-01
5.335000000000000000e+03 4.040810000000000235e-01
5.336000000000000000e+03 4.041029999999999900e-01
5.337000000000000000e+03 4.041250000000000120e-01
5.338000000000000000e+03 4.041469999999999785e-01
5.339000000000000000e+03 4.041690000000000005e-01
5.340000000000000000e+03 4.041910000000000225e-01
5.341000000000000000e+03 4.041969999999999730e-01
5.342000000000000000e+03 4.042029999999999790e-01
5.343000000000000000e+03 4.042089999999999850e-01
5.344000000000000000e+03 4.042149999999999910e-01
5.345000000000000000e+03 4.042209999999999970e-01
5.346000000000000000e+03 4.043189999999999840e-01
5.347000000000000000e+03 4.044170000000000265e-01
5.348000000000000000e+03 4.045139999999999847e-01
5.349000000000000000e+03 4.046120000000000272e-01
5.350000000000000000e+03 4.047100000000000142e-01
5.351000000000000000e+03 4.047270000000000034e-01
5.352000000000000000e+03 4.047439999999999927e-01
5.353000000000000000e+03 4.047609999999999819e-01
5.354000000000000000e+03 4.047780000000000267e-01
5.355000000000000000e+03 4.047959999999999892e-01
5.356000000000000000e+03 4.049050000000000149e-01
5.357000000000000000e+03 4.050130000000000119e-01
5.358000000000000000e+03 4.051219999999999821e-01
5.359000000000000000e+03 4.052310000000000079e-01
5.360000000000000000e+03 4.053399999999999781e-01
5.361000000000000000e+03 4.053340000000000276e-01
5.362000000000000000e+03 4.053289999999999949e-01
5.363000000000000000e+03 4.053229999999999889e-01
5.364000000000000000e+03 4.053169999999999829e-01
5.365000000000000000e+03 4.053109999999999769e-01
5.366000000000000000e+03 4.053059999999999996e-01
5.367000000000000000e+03 4.052999999999999936e-01
5.368000000000000000e+03 4.052939999999999876e-01
5.369000000000000000e+03 4.052890000000000104e-01
5.370000000000000000e+03 4.052830000000000044e-01
5.371000000000000000e+03 4.053149999999999809e-01
5.372000000000000000e+03 4.053479999999999861e-01
5.373000000000000000e+03 4.047769999999999979e-01
5.374000000000000000e+03 4.042049999999999810e-01
5.375000000000000000e+03 4.034599999999999853e-01
5.376000000000000000e+03 4.028070000000000261e-01
5.377000000000000000e+03 4.021310000000000162e-01
5.378000000000000000e+03 4.014550000000000063e-01
5.379000000000000000e+03 4.007780000000000231e-01
5.380000000000000000e+03 4.001009999999999844e-01
5.381000000000000000e+03 3.993010000000000170e-01
5.382000000000000000e+03 3.985009999999999941e-01
5.383000000000000000e+03 3.977010000000000267e-01
5.384000000000000000e+03 3.969010000000000038e-01
5.385000000000000000e+03 3.961219999999999741e-01
5.386000000000000000e+03 3.953439999999999732e-01
5.387000000000000000e+03 3.945449999999999791e-01
5.388000000000000000e+03 3.937459999999999849e-01
5.389000000000000000e+03 3.929469999999999907e-01
5.390000000000000000e+03 3.921470000000000233e-01
5.391000000000000000e+03 3.913639999999999897e-01
5.392000000000000000e+03 3.905799999999999828e-01
5.393000000000000000e+03 3.897959999999999758e-01
5.394000000000000000e+03 3.890109999999999957e-01
5.395000000000000000e+03 3.882470000000000088e-01
5.396000000000000000e+03 3.874819999999999931e-01
5.397000000000000000e+03 3.866950000000000109e-01
5.398000000000000000e+03 3.859070000000000000e-01
5.399000000000000000e+03 3.851180000000000159e-01
5.400000000000000000e+03 3.843289999999999762e-01
5.401000000000000000e+03 3.835219999999999740e-01
5.402000000000000000e+03 3.827139999999999986e-01
5.403000000000000000e+03 3.819060000000000232e-01
5.404000000000000000e+03 3.810959999999999903e-01
5.405000000000000000e+03 3.803079999999999794e-01
5.406000000000000000e+03 3.794319999999999915e-01
5.407000000000000000e+03 3.785339999999999816e-01
5.408000000000000000e+03 3.776360000000000272e-01
5.409000000000000000e+03 3.767380000000000173e-01
5.410000000000000000e+03 3.758389999999999787e-01
5.411000000000000000e+03 3.750419999999999865e-01
5.412000000000000000e+03 3.742440000000000211e-01
5.413000000000000000e+03 3.728420000000000067e-01
5.414000000000000000e+03 3.714390000000000192e-01
5.415000000000000000e+03 3.698420000000000041e-01
5.416000000000000000e+03 3.682460000000000178e-01
5.417000000000000000e+03 3.666289999999999827e-01
5.418000000000000000e+03 3.650109999999999744e-01
5.419000000000000000e+03 3.634149999999999880e-01
5.420000000000000000e+03 3.618190000000000017e-01
5.421000000000000000e+03 3.602190000000000114e-01
5.422000000000000000e+03 3.586199999999999943e-01
5.423000000000000000e+03 3.569979999999999820e-01
5.424000000000000000e+03 3.553769999999999984e-01
5.425000000000000000e+03 3.537770000000000081e-01
5.426000000000000000e+03 3.522569999999999868e-01
5.427000000000000000e+03 3.507370000000000210e-01
5.428000000000000000e+03 3.492149999999999976e-01
5.429000000000000000e+03 3.476710000000000078e-01
5.430000000000000000e+03 3.461259999999999892e-01
5.431000000000000000e+03 3.445259999999999989e-01
5.432000000000000000e+03 3.429269999999999818e-01
5.433000000000000000e+03 3.413280000000000203e-01
5.434000000000000000e+03 3.397290000000000032e-01
5.435000000000000000e+03 3.381080000000000196e-01
5.436000000000000000e+03 3.364869999999999806e-01
5.437000000000000000e+03 3.348880000000000190e-01
5.438000000000000000e+03 3.332890000000000019e-01
5.439000000000000000e+03 3.316899999999999848e-01
5.440000000000000000e+03 3.300919999999999965e-01
5.441000000000000000e+03 3.284810000000000230e-01
5.442000000000000000e+03 3.268699999999999939e-01
5.443000000000000000e+03 3.252809999999999868e-01
5.444000000000000000e+03 3.236930000000000085e-01
5.445000000000000000e+03 3.220839999999999814e-01
5.446000000000000000e+03 3.204759999999999831e-01
5.447000000000000000e+03 3.188900000000000068e-01
5.448000000000000000e+03 3.173050000000000037e-01
5.449000000000000000e+03 3.157200000000000006e-01
5.450000000000000000e+03 3.141360000000000263e-01
5.451000000000000000e+03 3.125080000000000080e-01
5.452000000000000000e+03 3.108799999999999897e-01
5.453000000000000000e+03 3.092739999999999934e-01
5.454000000000000000e+03 3.076690000000000258e-01
5.455000000000000000e+03 3.060640000000000027e-01
5.456000000000000000e+03 3.044589999999999796e-01
5.457000000000000000e+03 3.028330000000000188e-01
5.458000000000000000e+03 3.012079999999999758e-01
5.459000000000000000e+03 2.996039999999999814e-01
5.460000000000000000e+03 2.979999999999999871e-01
5.461000000000000000e+03 2.964240000000000208e-01
5.462000000000000000e+03 2.948470000000000257e-01
5.463000000000000000e+03 2.932489999999999819e-01
5.464000000000000000e+03 2.916509999999999936e-01
5.465000000000000000e+03 2.900730000000000253e-01
5.466000000000000000e+03 2.884950000000000014e-01
5.467000000000000000e+03 2.868950000000000111e-01
5.468000000000000000e+03 2.852950000000000208e-01
5.469000000000000000e+03 2.837160000000000237e-01
5.470000000000000000e+03 2.821370000000000267e-01
5.471000000000000000e+03 2.806230000000000113e-01
5.472000000000000000e+03 2.791069999999999940e-01
5.473000000000000000e+03 2.775690000000000102e-01
5.474000000000000000e+03 2.760290000000000243e-01
5.475000000000000000e+03 2.745110000000000050e-01
5.476000000000000000e+03 2.729289999999999772e-01
5.477000000000000000e+03 2.713479999999999781e-01
5.478000000000000000e+03 2.697660000000000058e-01
5.479000000000000000e+03 2.681620000000000115e-01
5.480000000000000000e+03 2.665580000000000171e-01
5.481000000000000000e+03 2.649590000000000001e-01
5.482000000000000000e+03 2.633610000000000118e-01
5.483000000000000000e+03 2.617619999999999947e-01
5.484000000000000000e+03 2.601629999999999776e-01
5.485000000000000000e+03 2.585419999999999940e-01
5.486000000000000000e+03 2.569210000000000105e-01
5.487000000000000000e+03 2.553219999999999934e-01
5.488000000000000000e+03 2.537220000000000031e-01
5.489000000000000000e+03 2.521010000000000195e-01
5.490000000000000000e+03 2.504799999999999804e-01
5.491000000000000000e+03 2.488809999999999911e-01
5.492000000000000000e+03 2.472810000000000008e-01
5.493000000000000000e+03 2.456820000000000115e-01
5.494000000000000000e+03 2.440819999999999934e-01
5.495000000000000000e+03 2.424610000000000098e-01
5.496000000000000000e+03 2.408939999999999970e-01
5.497000000000000000e+03 2.393480000000000052e-01
5.498000000000000000e+03 2.378010000000000124e-01
5.499000000000000000e+03 2.362529999999999908e-01
5.500000000000000000e+03 2.347039999999999960e-01
5.501000000000000000e+03 2.330879999999999896e-01
5.502000000000000000e+03 2.314710000000000101e-01
5.503000000000000000e+03 2.298759999999999970e-01
5.504000000000000000e+03 2.282800000000000107e-01
5.505000000000000000e+03 2.266849999999999976e-01
5.506000000000000000e+03 2.250890000000000113e-01
5.507000000000000000e+03 2.234710000000000030e-01
5.508000000000000000e+03 2.218529999999999947e-01
5.509000000000000000e+03 2.202570000000000083e-01
5.510000000000000000e+03 2.186599999999999933e-01
5.511000000000000000e+03 2.170630000000000059e-01
5.512000000000000000e+03 2.154659999999999909e-01
5.513000000000000000e+03 2.138470000000000093e-01
5.514000000000000000e+03 2.122269999999999990e-01
5.515000000000000000e+03 2.106300000000000117e-01
5.516000000000000000e+03 2.090319999999999956e-01
5.517000000000000000e+03 2.074120000000000130e-01
5.518000000000000000e+03 2.057920000000000027e-01
5.519000000000000000e+03 2.041930000000000134e-01
5.520000000000000000e+03 2.025949999999999973e-01
5.521000000000000000e+03 2.009940000000000060e-01
5.522000000000000000e+03 1.993929999999999869e-01
5.523000000000000000e+03 1.977700000000000014e-01
5.524000000000000000e+03 1.961469999999999880e-01
5.525000000000000000e+03 1.945449999999999957e-01
5.526000000000000000e+03 1.929440000000000044e-01
5.527000000000000000e+03 1.913420000000000121e-01
5.528000000000000000e+03 1.897399999999999920e-01
5.529000000000000000e+03 1.881160000000000054e-01
5.530000000000000000e+03 1.864919999999999911e-01
5.531000000000000000e+03 1.848930000000000018e-01
5.532000000000000000e+03 1.832940000000000125e-01
5.533000000000000000e+03 1.816939999999999944e-01
5.534000000000000000e+03 1.800950000000000051e-01
5.535000000000000000e+03 1.784729999999999928e-01
5.536000000000000000e+03 1.768510000000000082e-01
5.537000000000000000e+03 1.752509999999999901e-01
5.538000000000000000e+03 1.736499999999999988e-01
5.539000000000000000e+03 1.720279999999999865e-01
5.540000000000000000e+03 1.704050000000000009e-01
5.541000000000000000e+03 1.688050000000000106e-01
5.542000000000000000e+03 1.672039999999999915e-01
5.543000000000000000e+03 1.656030000000000002e-01
5.544000000000000000e+03 1.640020000000000089e-01
5.545000000000000000e+03 1.623789999999999956e-01
5.546000000000000000e+03 1.607919999999999905e-01
5.547000000000000000e+03 1.592260000000000064e-01
5.548000000000000000e+03 1.576589999999999936e-01
5.549000000000000000e+03 1.560910000000000075e-01
5.550000000000000000e+03 1.545219999999999927e-01
5.551000000000000000e+03 1.528920000000000001e-01
5.552000000000000000e+03 1.512610000000000066e-01
5.553000000000000000e+03 1.496520000000000072e-01
5.554000000000000000e+03 1.480430000000000079e-01
5.555000000000000000e+03 1.464340000000000086e-01
5.556000000000000000e+03 1.448240000000000083e-01
5.557000000000000000e+03 1.431929999999999870e-01
5.558000000000000000e+03 1.415619999999999934e-01
5.559000000000000000e+03 1.399519999999999931e-01
5.560000000000000000e+03 1.383419999999999928e-01
5.561000000000000000e+03 1.366870000000000029e-01
5.562000000000000000e+03 1.350329999999999864e-01
5.563000000000000000e+03 1.334009999999999918e-01
5.564000000000000000e+03 1.317699999999999982e-01
5.565000000000000000e+03 1.301390000000000047e-01
5.566000000000000000e+03 1.285370000000000124e-01
5.567000000000000000e+03 1.269129999999999980e-01
5.568000000000000000e+03 1.252890000000000115e-01
5.569000000000000000e+03 1.236860000000000043e-01
5.570000000000000000e+03 1.220839999999999981e-01
5.571000000000000000e+03 1.204820000000000058e-01
5.572000000000000000e+03 1.188799999999999996e-01
5.573000000000000000e+03 1.172559999999999991e-01
5.574000000000000000e+03 1.156309999999999977e-01
5.575000000000000000e+03 1.140280000000000044e-01
5.576000000000000000e+03 1.124249999999999972e-01
5.577000000000000000e+03 1.108210000000000028e-01
5.578000000000000000e+03 1.092169999999999946e-01
5.579000000000000000e+03 1.075910000000000061e-01
5.580000000000000000e+03 1.059640000000000026e-01
5.581000000000000000e+03 1.043489999999999973e-01
5.582000000000000000e+03 1.027340000000000059e-01
5.583000000000000000e+03 1.011190000000000005e-01
5.584000000000000000e+03 9.950330000000000286e-02
5.585000000000000000e+03 9.786609999999999754e-02
5.586000000000000000e+03 9.622890000000000610e-02
5.587000000000000000e+03 9.461350000000000315e-02
5.588000000000000000e+03 9.299810000000000021e-02
5.589000000000000000e+03 9.136080000000000589e-02
5.590000000000000000e+03 8.972349999999999770e-02
5.591000000000000000e+03 8.811180000000000401e-02
5.592000000000000000e+03 8.649990000000000456e-02
5.593000000000000000e+03 8.488790000000000224e-02
5.594000000000000000e+03 8.327579999999999705e-02
5.595000000000000000e+03 8.164159999999999473e-02
5.596000000000000000e+03 7.998919999999999642e-02
5.597000000000000000e+03 7.835920000000000385e-02
5.598000000000000000e+03 7.672980000000000078e-02
5.599000000000000000e+03 7.510089999999999821e-02
5.600000000000000000e+03 7.347259999999999902e-02
5.601000000000000000e+03 7.184379999999999933e-02
5.602000000000000000e+03 7.021470000000000489e-02
5.603000000000000000e+03 6.860700000000000132e-02
5.604000000000000000e+03 6.699900000000000300e-02
5.605000000000000000e+03 6.539050000000000418e-02
5.606000000000000000e+03 6.378169999999999673e-02
5.607000000000000000e+03 6.215070000000000316e-02
5.608000000000000000e+03 6.051929999999999810e-02
5.609000000000000000e+03 5.890940000000000065e-02
5.610000000000000000e+03 5.729909999999999864e-02
5.611000000000000000e+03 5.566209999999999908e-02
5.612000000000000000e+03 5.402499999999999664e-02
5.613000000000000000e+03 5.240969999999999657e-02
5.614000000000000000e+03 5.079419999999999769e-02
5.615000000000000000e+03 4.917860000000000287e-02
5.616000000000000000e+03 4.755220000000000280e-02
5.617000000000000000e+03 4.590450000000000086e-02
5.618000000000000000e+03 4.425740000000000229e-02
5.619000000000000000e+03 4.263279999999999847e-02
5.620000000000000000e+03 4.100879999999999803e-02
5.621000000000000000e+03 4.018030000000000213e-02
5.622000000000000000e+03 3.935170000000000334e-02
5.623000000000000000e+03 3.854490000000000000e-02
5.624000000000000000e+03 3.773800000000000071e-02
5.625000000000000000e+03 3.690920000000000312e-02
5.626000000000000000e+03 3.608039999999999858e-02
5.627000000000000000e+03 3.527340000000000336e-02
5.628000000000000000e+03 3.446640000000000120e-02
5.629000000000000000e+03 3.363739999999999786e-02
5.630000000000000000e+03 3.280840000000000145e-02
5.631000000000000000e+03 3.200349999999999723e-02
5.632000000000000000e+03 3.119850000000000054e-02
5.633000000000000000e+03 3.037149999999999919e-02
5.634000000000000000e+03 2.954419999999999963e-02
5.635000000000000000e+03 2.873869999999999897e-02
5.636000000000000000e+03 2.793299999999999950e-02
5.637000000000000000e+03 2.710529999999999884e-02
5.638000000000000000e+03 2.627739999999999937e-02
5.639000000000000000e+03 2.544930000000000109e-02
5.640000000000000000e+03 2.462100000000000052e-02
5.641000000000000000e+03 2.380840000000000040e-02
5.642000000000000000e+03 2.299599999999999908e-02
5.643000000000000000e+03 2.216210000000000055e-02
5.644000000000000000e+03 2.132830000000000142e-02
5.645000000000000000e+03 2.051669999999999883e-02
5.646000000000000000e+03 1.970970000000000014e-02
5.647000000000000000e+03 1.888079999999999967e-02
5.648000000000000000e+03 1.805179999999999979e-02
5.649000000000000000e+03 1.724449999999999941e-02
5.650000000000000000e+03 1.643709999999999963e-02
5.651000000000000000e+03 1.560770000000000039e-02
5.652000000000000000e+03 1.477810000000000061e-02
5.653000000000000000e+03 1.394850000000000083e-02
5.654000000000000000e+03 1.311870000000000050e-02
5.655000000000000000e+03 1.231059999999999967e-02
5.656000000000000000e+03 1.150250000000000057e-02
5.657000000000000000e+03 1.067229999999999915e-02
5.658000000000000000e+03 9.842000000000000054e-03
5.659000000000000000e+03 9.033460000000000101e-03
5.660000000000000000e+03 8.224789999999999185e-03
5.661000000000000000e+03 7.394409999999999698e-03
5.662000000000000000e+03 6.563829999999999665e-03
5.663000000000000000e+03 5.754949999999999996e-03
5.664000000000000000e+03 4.945879999999999721e-03
5.665000000000000000e+03 4.114740000000000411e-03
5.666000000000000000e+03 3.283410000000000061e-03
5.667000000000000000e+03 2.473780000000000076e-03
5.668000000000000000e+03 1.663970000000000076e-03
5.669000000000000000e+03 8.320810000000000315e-04
