3.780000000000000000e+03 -3.000000000000000076e-05
3.800000000000000000e+03 -3.000000000000000076e-05
3.820000000000000000e+03 -3.000000000000000076e-05
3.840000000000000000e+03 -3.000000000000000076e-05
3.860000000000000000e+03 -3.000000000000000076e-05
3.880000000000000000e+03 -3.000000000000000076e-05
3.900000000000000000e+03 -3.000000000000000076e-05
3.920000000000000000e+03 -3.000000000000000076e-05
3.940000000000000000e+03 -3.000000000000000076e-05
3.960000000000000000e+03 -3.000000000000000076e-05
3.980000000000000000e+03 -3.000000000000000076e-05
4.000000000000000000e+03 -3.000000000000000076e-05
4.020000000000000000e+03 -3.000000000000000076e-05
4.040000000000000000e+03 -3.000000000000000076e-05
4.060000000000000000e+03 -3.000000000000000076e-05
4.080000000000000000e+03 -3.000000000000000076e-05
4.100000000000000000e+03 -3.000000000000000076e-05
4.120000000000000000e+03 -3.000000000000000076e-05
4.140000000000000000e+03 -2.000000000000000164e-05
4.160000000000000000e+03 -2.000000000000000164e-05
4.180000000000000000e+03 -2.000000000000000164e-05
4.200000000000000000e+03 -2.000000000000000164e-05
4.220000000000000000e+03 -2.000000000000000164e-05
4.240000000000000000e+03 -2.000000000000000164e-05
4.260000000000000000e+03 -2.000000000000000164e-05
4.280000000000000000e+03 -2.000000000000000164e-05
4.300000000000000000e+03 -2.000000000000000164e-05
4.320000000000000000e+03 -2.000000000000000164e-05
4.340000000000000000e+03 -2.000000000000000164e-05
4.360000000000000000e+03 -2.000000000000000164e-05
4.380000000000000000e+03 -2.000000000000000164e-05
4.400000000000000000e+03 -2.000000000000000164e-05
4.420000000000000000e+03 -2.000000000000000164e-05
4.440000000000000000e+03 -2.000000000000000164e-05
4.460000000000000000e+03 -2.000000000000000164e-05
4.480000000000000000e+03 -2.000000000000000164e-05
4.500000000000000000e+03 -2.000000000000000164e-05
4.520000000000000000e+03 -2.000000000000000164e-05
4.540000000000000000e+03 -2.000000000000000164e-05
4.560000000000000000e+03 -2.000000000000000164e-05
4.580000000000000000e+03 -2.000000000000000164e-05
4.600000000000000000e+03 -2.000000000000000164e-05
4.620000000000000000e+03 -2.000000000000000164e-05
4.640000000000000000e+03 0.000000000000000000e+00
4.660000000000000000e+03 0.000000000000000000e+00
4.680000000000000000e+03 0.000000000000000000e+00
4.700000000000000000e+03 0.000000000000000000e+00
4.720000000000000000e+03 0.000000000000000000e+00
4.740000000000000000e+03 0.000000000000000000e+00
4.760000000000000000e+03 0.000000000000000000e+00
4.780000000000000000e+03 0.000000000000000000e+00
4.800000000000000000e+03 0.000000000000000000e+00
4.820000000000000000e+03 0.000000000000000000e+00
4.840000000000000000e+03 0.000000000000000000e+00
4.860000000000000000e+03 0.000000000000000000e+00
4.880000000000000000e+03 0.000000000000000000e+00
4.900000000000000000e+03 0.000000000000000000e+00
4.920000000000000000e+03 0.000000000000000000e+00
4.940000000000000000e+03 0.000000000000000000e+00
4.960000000000000000e+03 0.000000000000000000e+00
4.980000000000000000e+03 0.000000000000000000e+00
5.000000000000000000e+03 0.000000000000000000e+00
5.020000000000000000e+03 0.000000000000000000e+00
5.040000000000000000e+03 0.000000000000000000e+00
5.060000000000000000e+03 0.000000000000000000e+00
5.080000000000000000e+03 0.000000000000000000e+00
5.100000000000000000e+03 0.000000000000000000e+00
5.120000000000000000e+03 0.000000000000000000e+00
5.140000000000000000e+03 0.000000000000000000e+00
5.160000000000000000e+03 0.000000000000000000e+00
5.180000000000000000e+03 0.000000000000000000e+00
5.200000000000000000e+03 0.000000000000000000e+00
5.220000000000000000e+03 0.000000000000000000e+00
5.240000000000000000e+03 -2.000000000000000164e-05
5.260000000000000000e+03 -2.000000000000000164e-05
5.280000000000000000e+03 -2.000000000000000164e-05
5.300000000000000000e+03 -2.000000000000000164e-05
5.320000000000000000e+03 -2.000000000000000164e-05
5.340000000000000000e+03 -2.000000000000000164e-05
5.360000000000000000e+03 -2.000000000000000164e-05
5.380000000000000000e+03 -2.000000000000000164e-05
5.400000000000000000e+03 0.000000000000000000e+00
5.420000000000000000e+03 0.000000000000000000e+00
5.440000000000000000e+03 0.000000000000000000e+00
5.460000000000000000e+03 0.000000000000000000e+00
5.480000000000000000e+03 0.000000000000000000e+00
5.500000000000000000e+03 0.000000000000000000e+00
5.520000000000000000e+03 0.000000000000000000e+00
5.540000000000000000e+03 0.000000000000000000e+00
5.560000000000000000e+03 0.000000000000000000e+00
5.580000000000000000e+03 0.000000000000000000e+00
5.600000000000000000e+03 2.000000000000000164e-05
5.620000000000000000e+03 9.000000000000000567e-05
5.640000000000000000e+03 3.800000000000000209e-04
5.660000000000000000e+03 1.270000000000000078e-03
5.680000000000000000e+03 3.449999999999999942e-03
5.700000000000000000e+03 8.089999999999999969e-03
5.720000000000000000e+03 1.655999999999999833e-02
5.740000000000000000e+03 2.997999999999999970e-02
5.760000000000000000e+03 4.905999999999999944e-02
5.780000000000000000e+03 7.394000000000000572e-02
5.800000000000000000e+03 1.043899999999999967e-01
5.820000000000000000e+03 1.398199999999999998e-01
5.840000000000000000e+03 1.797600000000000031e-01
5.860000000000000000e+03 2.236899999999999999e-01
5.880000000000000000e+03 2.712999999999999856e-01
5.900000000000000000e+03 3.218400000000000150e-01
5.920000000000000000e+03 3.740399999999999836e-01
5.940000000000000000e+03 4.259800000000000253e-01
5.960000000000000000e+03 4.757100000000000217e-01
5.980000000000000000e+03 5.213799999999999546e-01
6.000000000000000000e+03 5.617999999999999661e-01
6.020000000000000000e+03 5.967999999999999972e-01
6.040000000000000000e+03 6.272299999999999542e-01
6.060000000000000000e+03 6.548000000000000487e-01
6.080000000000000000e+03 6.815299999999999692e-01
6.100000000000000000e+03 7.087599999999999456e-01
6.120000000000000000e+03 7.366800000000000015e-01
6.140000000000000000e+03 7.644800000000000484e-01
6.160000000000000000e+03 7.907300000000000439e-01
6.180000000000000000e+03 8.133899999999999464e-01
6.200000000000000000e+03 8.306299999999999795e-01
6.220000000000000000e+03 8.415500000000000203e-01
6.240000000000000000e+03 8.465300000000000047e-01
6.260000000000000000e+03 8.475300000000000056e-01
6.280000000000000000e+03 8.472600000000000131e-01
6.300000000000000000e+03 8.481400000000000050e-01
6.320000000000000000e+03 8.515800000000000036e-01
6.340000000000000000e+03 8.579999999999999849e-01
6.360000000000000000e+03 8.664699999999999624e-01
6.380000000000000000e+03 8.753400000000000070e-01
6.400000000000000000e+03 8.826800000000000201e-01
6.420000000000000000e+03 8.869599999999999707e-01
6.440000000000000000e+03 8.875600000000000156e-01
6.460000000000000000e+03 8.849200000000000399e-01
6.480000000000000000e+03 8.799900000000000500e-01
6.500000000000000000e+03 8.740499999999999936e-01
6.520000000000000000e+03 8.680999999999999828e-01
6.540000000000000000e+03 8.627200000000000424e-01
6.560000000000000000e+03 8.584100000000000064e-01
6.580000000000000000e+03 8.555099999999999927e-01
6.600000000000000000e+03 8.548700000000000188e-01
6.620000000000000000e+03 8.575000000000000400e-01
6.640000000000000000e+03 8.638299999999999867e-01
6.660000000000000000e+03 8.734899999999999887e-01
6.680000000000000000e+03 8.855699999999999683e-01
6.700000000000000000e+03 8.989099999999999868e-01
6.720000000000000000e+03 9.117399999999999949e-01
6.740000000000000000e+03 9.223500000000000032e-01
6.760000000000000000e+03 9.286499999999999755e-01
6.780000000000000000e+03 9.289100000000000135e-01
6.800000000000000000e+03 9.230699999999999461e-01
6.820000000000000000e+03 9.124900000000000233e-01
6.840000000000000000e+03 8.995699999999999807e-01
6.860000000000000000e+03 8.866600000000000037e-01
6.880000000000000000e+03 8.757000000000000339e-01
6.900000000000000000e+03 8.678599999999999648e-01
6.920000000000000000e+03 8.637399999999999523e-01
6.940000000000000000e+03 8.638000000000000123e-01
6.960000000000000000e+03 8.678599999999999648e-01
6.980000000000000000e+03 8.751499999999999835e-01
7.000000000000000000e+03 8.840500000000000025e-01
7.020000000000000000e+03 8.922299999999999676e-01
7.040000000000000000e+03 8.980700000000000349e-01
7.060000000000000000e+03 9.008599999999999941e-01
7.080000000000000000e+03 8.985899999999999999e-01
7.100000000000000000e+03 8.854800000000000448e-01
7.120000000000000000e+03 8.530100000000000460e-01
7.140000000000000000e+03 7.943900000000000405e-01
7.160000000000000000e+03 7.107400000000000384e-01
7.180000000000000000e+03 6.093100000000000183e-01
7.200000000000000000e+03 4.997300000000000075e-01
7.220000000000000000e+03 3.890199999999999769e-01
7.240000000000000000e+03 2.816000000000000170e-01
7.260000000000000000e+03 1.840100000000000069e-01
7.280000000000000000e+03 1.047700000000000020e-01
7.300000000000000000e+03 5.034999999999999892e-02
7.320000000000000000e+03 1.970999999999999835e-02
7.340000000000000000e+03 6.590000000000000371e-03
7.360000000000000000e+03 2.439999999999999895e-03
7.380000000000000000e+03 1.049999999999999935e-03
7.400000000000000000e+03 4.899999999999999842e-04
7.420000000000000000e+03 2.100000000000000087e-04
7.440000000000000000e+03 9.000000000000000567e-05
7.460000000000000000e+03 2.000000000000000164e-05
7.480000000000000000e+03 0.000000000000000000e+00
7.500000000000000000e+03 -2.000000000000000164e-05
7.520000000000000000e+03 -2.000000000000000164e-05
7.540000000000000000e+03 -2.000000000000000164e-05
7.560000000000000000e+03 -3.000000000000000076e-05
7.580000000000000000e+03 -3.000000000000000076e-05
7.600000000000000000e+03 -3.000000000000000076e-05
7.620000000000000000e+03 -3.000000000000000076e-05
7.640000000000000000e+03 -3.000000000000000076e-05
7.660000000000000000e+03 -3.000000000000000076e-05
7.680000000000000000e+03 -3.000000000000000076e-05
7.700000000000000000e+03 -3.000000000000000076e-05
7.720000000000000000e+03 -3.000000000000000076e-05
7.740000000000000000e+03 -3.000000000000000076e-05
7.760000000000000000e+03 -3.000000000000000076e-05
7.780000000000000000e+03 -3.000000000000000076e-05
7.800000000000000000e+03 -3.000000000000000076e-05
7.820000000000000000e+03 -3.000000000000000076e-05
7.840000000000000000e+03 -3.000000000000000076e-05
7.860000000000000000e+03 -3.000000000000000076e-05
7.880000000000000000e+03 -3.000000000000000076e-05
7.900000000000000000e+03 -3.000000000000000076e-05
7.920000000000000000e+03 -3.000000000000000076e-05
7.940000000000000000e+03 -3.000000000000000076e-05
7.960000000000000000e+03 -3.000000000000000076e-05
7.980000000000000000e+03 -3.000000000000000076e-05
8.000000000000000000e+03 -3.000000000000000076e-05
8.020000000000000000e+03 -3.000000000000000076e-05
8.040000000000000000e+03 -3.000000000000000076e-05
8.060000000000000000e+03 -3.000000000000000076e-05
8.080000000000000000e+03 -3.000000000000000076e-05
8.100000000000000000e+03 -3.000000000000000076e-05
8.120000000000000000e+03 -3.000000000000000076e-05
8.140000000000000000e+03 -3.000000000000000076e-05
8.160000000000000000e+03 -3.000000000000000076e-05
8.180000000000000000e+03 -3.000000000000000076e-05
8.200000000000000000e+03 -3.000000000000000076e-05
8.220000000000000000e+03 -3.000000000000000076e-05
8.240000000000000000e+03 2.000000000000000164e-05
8.260000000000000000e+03 1.200000000000000030e-04
8.280000000000000000e+03 1.200000000000000030e-04
8.300000000000000000e+03 -2.000000000000000164e-05
8.320000000000000000e+03 -3.499999999999999964e-04
8.340000000000000000e+03 -3.400000000000000244e-04
8.360000000000000000e+03 -3.400000000000000244e-04
8.380000000000000000e+03 -2.900000000000000017e-04
8.400000000000000000e+03 -4.699999999999999859e-04
8.420000000000000000e+03 -7.799999999999999859e-04
8.440000000000000000e+03 -8.099999999999999561e-04
8.460000000000000000e+03 -9.799999999999999684e-04
8.480000000000000000e+03 -6.899999999999999667e-04
8.500000000000000000e+03 -7.900000000000000121e-04
8.520000000000000000e+03 -7.900000000000000121e-04
8.540000000000000000e+03 -8.499999999999999526e-04
8.560000000000000000e+03 -8.999999999999999754e-04
8.580000000000000000e+03 -6.599999999999999964e-04
8.600000000000000000e+03 -7.299999999999999632e-04
8.620000000000000000e+03 -4.000000000000000192e-04
8.640000000000000000e+03 -4.699999999999999859e-04
8.660000000000000000e+03 -4.299999999999999894e-04
8.680000000000000000e+03 -5.299999999999999807e-04
8.700000000000000000e+03 -5.199999999999999544e-04
8.720000000000000000e+03 -3.699999999999999947e-04
8.740000000000000000e+03 -4.000000000000000192e-04
8.760000000000000000e+03 -2.700000000000000035e-04
8.780000000000000000e+03 -3.800000000000000209e-04
8.800000000000000000e+03 -2.900000000000000017e-04
8.820000000000000000e+03 -2.900000000000000017e-04
8.840000000000000000e+03 -2.300000000000000070e-04
8.860000000000000000e+03 -2.000000000000000096e-04
8.880000000000000000e+03 -2.599999999999999772e-04
8.900000000000000000e+03 -3.099999999999999999e-04
8.920000000000000000e+03 -4.099999999999999912e-04
8.940000000000000000e+03 -3.499999999999999964e-04
8.960000000000000000e+03 -3.800000000000000209e-04
8.980000000000000000e+03 -2.900000000000000017e-04
9.000000000000000000e+03 -2.700000000000000035e-04
9.020000000000000000e+03 -2.700000000000000035e-04
9.040000000000000000e+03 -2.100000000000000087e-04
9.060000000000000000e+03 -1.700000000000000122e-04
9.080000000000000000e+03 -6.000000000000000152e-05
9.100000000000000000e+03 -3.000000000000000076e-05
9.120000000000000000e+03 6.000000000000000152e-05
9.140000000000000000e+03 3.000000000000000076e-05
9.160000000000000000e+03 1.200000000000000030e-04
9.180000000000000000e+03 1.700000000000000122e-04
9.200000000000000000e+03 1.700000000000000122e-04
9.220000000000000000e+03 1.700000000000000122e-04
9.240000000000000000e+03 1.399999999999999877e-04
9.260000000000000000e+03 2.100000000000000087e-04
9.280000000000000000e+03 2.000000000000000096e-04
9.300000000000000000e+03 2.000000000000000096e-04
