3.180000000000000000e+03 3.063800000000000211e-06
3.185000000000000000e+03 6.127699999999999793e-06
3.190000000000000000e+03 6.127699999999999793e-06
3.195000000000000000e+03 6.127699999999999793e-06
3.200000000000000000e+03 1.531910000000000042e-05
3.205000000000000000e+03 1.838300000000000001e-05
3.210000000000000000e+03 1.838300000000000001e-05
3.215000000000000000e+03 3.063830000000000107e-05
3.220000000000000000e+03 3.370209999999999704e-05
3.225000000000000000e+03 4.902129999999999769e-05
3.230000000000000000e+03 6.434039999999999811e-05
3.235000000000000000e+03 8.578719999999999749e-05
3.240000000000000000e+03 1.041702000000000009e-04
3.245000000000000000e+03 1.286807999999999962e-04
3.250000000000000000e+03 1.562552999999999945e-04
3.255000000000000000e+03 2.022127000000000028e-04
3.260000000000000000e+03 2.328510000000000107e-04
3.265000000000000000e+03 2.879998999999999732e-04
3.270000000000000000e+03 3.737871000000000249e-04
3.275000000000000000e+03 4.657020000000000213e-04
3.280000000000000000e+03 5.913188999999999468e-04
3.285000000000000000e+03 7.537019000000000487e-04
3.290000000000000000e+03 9.896167000000000418e-04
3.295000000000000000e+03 1.338893199999999922e-03
3.300000000000000000e+03 1.835233400000000053e-03
3.305000000000000000e+03 2.555233200000000138e-03
3.310000000000000000e+03 3.554041300000000073e-03
3.315000000000000000e+03 5.073700399999999701e-03
3.320000000000000000e+03 7.350125199999999956e-03
3.325000000000000000e+03 1.064067699999999943e-02
3.330000000000000000e+03 1.562246299999999963e-02
3.335000000000000000e+03 2.273667299999999891e-02
3.340000000000000000e+03 3.276458499999999885e-02
3.345000000000000000e+03 4.696849499999999900e-02
3.350000000000000000e+03 6.511555199999999322e-02
3.355000000000000000e+03 8.809426800000000335e-02
3.360000000000000000e+03 1.160118799999999978e-01
3.365000000000000000e+03 1.468186700000000122e-01
3.370000000000000000e+03 1.808455599999999885e-01
3.375000000000000000e+03 2.148111600000000010e-01
3.380000000000000000e+03 2.465095300000000045e-01
3.385000000000000000e+03 2.742371800000000248e-01
3.390000000000000000e+03 2.967808399999999902e-01
3.395000000000000000e+03 3.124492600000000064e-01
3.400000000000000000e+03 3.241377599999999970e-01
3.405000000000000000e+03 3.296649099999999777e-01
3.410000000000000000e+03 3.316441399999999762e-01
3.415000000000000000e+03 3.317728200000000238e-01
3.420000000000000000e+03 3.310957199999999823e-01
3.425000000000000000e+03 3.315430400000000111e-01
3.430000000000000000e+03 3.330657599999999885e-01
3.435000000000000000e+03 3.348397200000000073e-01
3.440000000000000000e+03 3.373275399999999813e-01
3.445000000000000000e+03 3.414024399999999737e-01
3.450000000000000000e+03 3.494449900000000109e-01
3.455000000000000000e+03 3.641574899999999726e-01
3.460000000000000000e+03 3.845717799999999742e-01
3.465000000000000000e+03 4.080897299999999839e-01
3.470000000000000000e+03 4.296560200000000274e-01
3.475000000000000000e+03 4.460566999999999727e-01
3.480000000000000000e+03 4.538051200000000063e-01
3.485000000000000000e+03 4.543657999999999864e-01
3.490000000000000000e+03 4.499140600000000045e-01
3.495000000000000000e+03 4.392764499999999850e-01
3.500000000000000000e+03 4.436975499999999961e-01
3.505000000000000000e+03 4.529809499999999933e-01
3.510000000000000000e+03 4.666640100000000180e-01
3.515000000000000000e+03 4.829421300000000250e-01
3.520000000000000000e+03 4.982520899999999808e-01
3.525000000000000000e+03 5.097414399999999901e-01
3.530000000000000000e+03 5.180444199999999499e-01
3.535000000000000000e+03 5.242486699999999722e-01
3.540000000000000000e+03 5.309645899999999585e-01
3.545000000000000000e+03 5.386088399999999776e-01
3.550000000000000000e+03 5.477145399999999720e-01
3.555000000000000000e+03 5.561737700000000117e-01
3.560000000000000000e+03 5.623044900000000457e-01
3.565000000000000000e+03 5.642776000000000458e-01
3.570000000000000000e+03 5.626200599999999774e-01
3.575000000000000000e+03 5.571878999999999582e-01
3.580000000000000000e+03 5.473192999999999531e-01
3.585000000000000000e+03 5.326619500000000507e-01
3.590000000000000000e+03 5.161724199999999652e-01
3.595000000000000000e+03 5.011872299999999836e-01
3.600000000000000000e+03 4.935399200000000208e-01
3.605000000000000000e+03 4.975382099999999808e-01
3.610000000000000000e+03 5.139817800000000547e-01
3.615000000000000000e+03 5.379256000000000038e-01
3.620000000000000000e+03 5.632175099999999768e-01
3.625000000000000000e+03 5.851330799999999721e-01
3.630000000000000000e+03 6.006207300000000471e-01
3.635000000000000000e+03 6.117883899999999597e-01
3.640000000000000000e+03 6.204406399999999877e-01
3.645000000000000000e+03 6.279654000000000069e-01
3.650000000000000000e+03 6.338019999999999765e-01
3.655000000000000000e+03 6.351194399999999796e-01
3.660000000000000000e+03 6.318809800000000365e-01
3.665000000000000000e+03 6.251037900000000480e-01
3.670000000000000000e+03 6.188351899999999794e-01
3.675000000000000000e+03 6.140035400000000143e-01
3.680000000000000000e+03 6.101798800000000078e-01
3.685000000000000000e+03 6.030871100000000373e-01
3.690000000000000000e+03 5.873175899999999450e-01
3.695000000000000000e+03 5.621972600000000320e-01
3.700000000000000000e+03 5.339365000000000361e-01
3.705000000000000000e+03 5.104767599999999739e-01
3.710000000000000000e+03 5.026088499999999959e-01
3.715000000000000000e+03 5.125019499999999839e-01
3.720000000000000000e+03 5.345676499999999498e-01
3.725000000000000000e+03 5.582357199999999908e-01
3.730000000000000000e+03 5.748815099999999845e-01
3.735000000000000000e+03 5.803381899999999760e-01
3.740000000000000000e+03 5.800624399999999570e-01
3.745000000000000000e+03 5.791647399999999557e-01
3.750000000000000000e+03 5.810612499999999736e-01
3.755000000000000000e+03 5.833223499999999895e-01
3.760000000000000000e+03 5.826146100000000327e-01
3.765000000000000000e+03 5.792260200000000081e-01
3.770000000000000000e+03 5.794864400000000471e-01
3.775000000000000000e+03 5.912607300000000121e-01
3.780000000000000000e+03 6.180416600000000482e-01
3.785000000000000000e+03 6.565049699999999655e-01
3.790000000000000000e+03 6.938162700000000127e-01
3.795000000000000000e+03 7.205818800000000079e-01
3.800000000000000000e+03 7.324266400000000177e-01
3.805000000000000000e+03 7.353587299999999605e-01
3.810000000000000000e+03 7.395285999999999804e-01
3.815000000000000000e+03 7.524763399999999658e-01
3.820000000000000000e+03 7.768797400000000408e-01
3.825000000000000000e+03 8.082043199999999761e-01
3.830000000000000000e+03 8.384014199999999528e-01
3.835000000000000000e+03 8.636136599999999497e-01
3.840000000000000000e+03 8.834335700000000013e-01
3.845000000000000000e+03 8.993746700000000427e-01
3.850000000000000000e+03 9.119424999999999892e-01
3.855000000000000000e+03 9.207234300000000093e-01
3.860000000000000000e+03 9.244245399999999613e-01
3.865000000000000000e+03 9.223043699999999845e-01
3.870000000000000000e+03 9.173042000000000140e-01
3.875000000000000000e+03 9.094944999999999835e-01
3.880000000000000000e+03 8.985780799999999457e-01
3.885000000000000000e+03 8.837828500000000087e-01
3.890000000000000000e+03 8.644654099999999897e-01
3.895000000000000000e+03 8.434597999999999818e-01
3.900000000000000000e+03 8.268170799999999820e-01
3.905000000000000000e+03 8.197304399999999491e-01
3.910000000000000000e+03 8.244058499999999956e-01
3.915000000000000000e+03 8.386220100000000288e-01
3.920000000000000000e+03 8.561409899999999906e-01
3.925000000000000000e+03 8.703847200000000006e-01
3.930000000000000000e+03 8.780197899999999667e-01
3.935000000000000000e+03 8.795363800000000065e-01
3.940000000000000000e+03 8.788071899999999603e-01
3.945000000000000000e+03 8.811356999999999662e-01
3.950000000000000000e+03 8.895214000000000176e-01
3.955000000000000000e+03 9.039857300000000428e-01
3.960000000000000000e+03 9.223258100000000237e-01
3.965000000000000000e+03 9.407271699999999459e-01
3.970000000000000000e+03 9.571033300000000299e-01
3.975000000000000000e+03 9.700510700000000153e-01
3.980000000000000000e+03 9.792823899999999471e-01
3.985000000000000000e+03 9.852323499999999790e-01
3.990000000000000000e+03 9.891969400000000245e-01
3.995000000000000000e+03 9.918440899999999560e-01
4.000000000000000000e+03 9.939458700000000091e-01
4.005000000000000000e+03 9.931216999999999961e-01
4.010000000000000000e+03 9.927846799999999750e-01
4.015000000000000000e+03 9.916939599999999855e-01
4.020000000000000000e+03 9.884217899999999668e-01
4.025000000000000000e+03 9.816629799999999628e-01
4.030000000000000000e+03 9.722417100000000367e-01
4.035000000000000000e+03 9.642206100000000335e-01
4.040000000000000000e+03 9.595942299999999925e-01
4.045000000000000000e+03 9.611230800000000185e-01
4.050000000000000000e+03 9.698733699999999569e-01
4.055000000000000000e+03 9.826035800000000320e-01
4.060000000000000000e+03 9.946750699999999945e-01
4.065000000000000000e+03 1.000000000000000000e+00
4.070000000000000000e+03 9.959036599999999684e-01
4.075000000000000000e+03 9.822420499999999777e-01
4.080000000000000000e+03 9.600721800000000528e-01
4.085000000000000000e+03 9.331196800000000069e-01
4.090000000000000000e+03 9.019544200000000345e-01
4.095000000000000000e+03 8.675996999999999737e-01
4.100000000000000000e+03 8.287013300000000138e-01
4.105000000000000000e+03 7.818523299999999843e-01
4.110000000000000000e+03 7.290778799999999560e-01
4.115000000000000000e+03 6.691708400000000445e-01
4.120000000000000000e+03 6.041104299999999760e-01
4.125000000000000000e+03 5.397822799999999477e-01
4.130000000000000000e+03 4.766337099999999882e-01
4.135000000000000000e+03 4.175600300000000265e-01
4.140000000000000000e+03 3.638725600000000115e-01
4.145000000000000000e+03 3.144438099999999903e-01
4.150000000000000000e+03 2.720649299999999826e-01
4.155000000000000000e+03 2.341837499999999961e-01
4.160000000000000000e+03 2.009534600000000004e-01
4.165000000000000000e+03 1.728367100000000045e-01
4.170000000000000000e+03 1.485650599999999988e-01
4.175000000000000000e+03 1.280128899999999903e-01
4.180000000000000000e+03 1.104663500000000048e-01
4.185000000000000000e+03 9.535554200000000147e-02
4.190000000000000000e+03 8.254567399999999944e-02
4.195000000000000000e+03 7.161086899999999367e-02
4.200000000000000000e+03 6.211606399999999861e-02
4.205000000000000000e+03 5.406125800000000092e-02
4.210000000000000000e+03 4.701445199999999824e-02
4.215000000000000000e+03 4.098483700000000313e-02
4.220000000000000000e+03 3.597547699999999876e-02
4.225000000000000000e+03 3.139198900000000209e-02
4.230000000000000000e+03 2.754688400000000065e-02
4.235000000000000000e+03 2.413684300000000157e-02
4.240000000000000000e+03 2.116799299999999953e-02
4.245000000000000000e+03 1.863727000000000092e-02
4.250000000000000000e+03 1.639761099999999944e-02
4.255000000000000000e+03 1.445820800000000017e-02
4.260000000000000000e+03 1.281293200000000083e-02
4.265000000000000000e+03 1.146178299999999969e-02
4.270000000000000000e+03 1.010757099999999922e-02
4.275000000000000000e+03 9.056677799999999362e-03
4.280000000000000000e+03 8.152848299999999535e-03
4.285000000000000000e+03 7.399146399999999811e-03
4.290000000000000000e+03 6.645444500000000088e-03
4.295000000000000000e+03 6.195061699999999776e-03
4.300000000000000000e+03 5.744678900000000331e-03
4.305000000000000000e+03 5.291232199999999948e-03
4.310000000000000000e+03 4.834721800000000430e-03
4.315000000000000000e+03 4.531402700000000151e-03
4.320000000000000000e+03 4.231147499999999943e-03
4.325000000000000000e+03 4.084083700000000310e-03
4.330000000000000000e+03 3.777700799999999994e-03
4.335000000000000000e+03 3.627573199999999890e-03
4.340000000000000000e+03 3.480509499999999857e-03
4.345000000000000000e+03 3.330381800000000152e-03
4.350000000000000000e+03 3.177190400000000012e-03
4.355000000000000000e+03 3.027062799999999908e-03
4.360000000000000000e+03 2.873871400000000201e-03
4.365000000000000000e+03 2.561360800000000212e-03
4.370000000000000000e+03 2.405105600000000034e-03
4.375000000000000000e+03 2.251914099999999860e-03
4.380000000000000000e+03 2.095658900000000116e-03
4.385000000000000000e+03 1.936339800000000085e-03
4.390000000000000000e+03 1.780084500000000090e-03
4.395000000000000000e+03 1.786212199999999981e-03
4.400000000000000000e+03 1.626893099999999950e-03
4.405000000000000000e+03 1.467573999999999919e-03
4.410000000000000000e+03 1.308254900000000104e-03
4.415000000000000000e+03 1.311318699999999924e-03
4.420000000000000000e+03 1.148935800000000073e-03
4.425000000000000000e+03 1.151999599999999893e-03
4.430000000000000000e+03 1.155063399999999929e-03
4.435000000000000000e+03 9.926805000000000784e-04
4.440000000000000000e+03 9.957442999999998982e-04
4.445000000000000000e+03 9.988081999999999690e-04
4.450000000000000000e+03 8.333614000000000473e-04
4.455000000000000000e+03 8.364253000000000096e-04
4.460000000000000000e+03 8.364253000000000096e-04
4.465000000000000000e+03 8.394891000000000462e-04
4.470000000000000000e+03 6.740423000000000161e-04
4.475000000000000000e+03 6.740423000000000161e-04
4.480000000000000000e+03 6.771061999999999784e-04
4.485000000000000000e+03 5.085956000000000201e-04
4.490000000000000000e+03 5.085956000000000201e-04
4.495000000000000000e+03 5.116593999999999483e-04
4.500000000000000000e+03 3.400850000000000075e-04
4.505000000000000000e+03 3.431487999999999899e-04
4.510000000000000000e+03 3.431487999999999899e-04
4.515000000000000000e+03 1.715743999999999950e-04
4.520000000000000000e+03 1.715743999999999950e-04
4.525000000000000000e+03 1.715743999999999950e-04
4.530000000000000000e+03 1.715743999999999950e-04
4.535000000000000000e+03 1.715743999999999950e-04
4.540000000000000000e+03 1.715743999999999950e-04
