8.280000000000000000e+03 6.100000000000000387e-03
8.300000000000000000e+03 3.399999999999999811e-03
8.320000000000000000e+03 4.000000000000000083e-03
8.340000000000000000e+03 4.499999999999999660e-03
8.360000000000000000e+03 5.599999999999999943e-03
8.380000000000000000e+03 8.899999999999999925e-03
8.400000000000000000e+03 2.100000000000000130e-02
8.420000000000000000e+03 3.330000000000000321e-02
8.440000000000000000e+03 5.439999999999999697e-02
8.460000000000000000e+03 8.240000000000000102e-02
8.480000000000000000e+03 1.280999999999999917e-01
8.500000000000000000e+03 1.890999999999999903e-01
8.520000000000000000e+03 2.545999999999999930e-01
8.540000000000000000e+03 3.355000000000000204e-01
8.560000000000000000e+03 4.037000000000000033e-01
8.580000000000000000e+03 4.648999999999999799e-01
8.600000000000000000e+03 5.147000000000000464e-01
8.620000000000000000e+03 5.471000000000000307e-01
8.640000000000000000e+03 5.696999999999999842e-01
8.660000000000000000e+03 5.808999999999999719e-01
8.680000000000000000e+03 5.872000000000000552e-01
8.700000000000000000e+03 5.887999999999999901e-01
8.720000000000000000e+03 5.897000000000000020e-01
8.740000000000000000e+03 5.901999999999999469e-01
8.760000000000000000e+03 5.901999999999999469e-01
8.780000000000000000e+03 5.909999999999999698e-01
8.800000000000000000e+03 5.900999999999999579e-01
8.820000000000000000e+03 5.883000000000000451e-01
8.840000000000000000e+03 5.864000000000000323e-01
8.860000000000000000e+03 5.876000000000000112e-01
8.880000000000000000e+03 5.874000000000000332e-01
8.900000000000000000e+03 5.853000000000000425e-01
8.920000000000000000e+03 5.845000000000000195e-01
8.940000000000000000e+03 5.769999999999999574e-01
8.960000000000000000e+03 5.626999999999999780e-01
8.980000000000000000e+03 5.423999999999999932e-01
9.000000000000000000e+03 5.334999999999999742e-01
9.020000000000000000e+03 5.415999999999999703e-01
9.040000000000000000e+03 5.564000000000000057e-01
9.060000000000000000e+03 5.465999999999999748e-01
9.080000000000000000e+03 5.275999999999999579e-01
9.100000000000000000e+03 5.348000000000000531e-01
9.120000000000000000e+03 5.415999999999999703e-01
9.140000000000000000e+03 5.335999999999999632e-01
9.160000000000000000e+03 5.325999999999999623e-01
9.180000000000000000e+03 5.228000000000000425e-01
9.200000000000000000e+03 5.299000000000000377e-01
9.220000000000000000e+03 5.134999999999999565e-01
9.240000000000000000e+03 4.885999999999999788e-01
9.260000000000000000e+03 4.486999999999999877e-01
9.280000000000000000e+03 3.889000000000000234e-01
9.300000000000000000e+03 3.104000000000000092e-01
9.320000000000000000e+03 2.159000000000000086e-01
9.340000000000000000e+03 1.540999999999999870e-01
9.360000000000000000e+03 1.107999999999999957e-01
9.380000000000000000e+03 7.660000000000000142e-02
9.400000000000000000e+03 5.700000000000000205e-02
9.420000000000000000e+03 3.300000000000000155e-02
9.440000000000000000e+03 1.760000000000000106e-02
9.460000000000000000e+03 1.110000000000000049e-02
9.480000000000000000e+03 7.400000000000000328e-03
9.500000000000000000e+03 3.799999999999999992e-03
9.520000000000000000e+03 2.099999999999999870e-03
9.540000000000000000e+03 1.199999999999999895e-03
9.560000000000000000e+03 1.000000000000000048e-04
