3.840000000000000000e+03 0.000000000000000000e+00
3.850000000000000000e+03 1.000000000000000048e-04
3.860000000000000000e+03 1.000000000000000048e-04
3.870000000000000000e+03 1.000000000000000048e-04
3.880000000000000000e+03 1.000000000000000048e-04
3.890000000000000000e+03 1.000000000000000048e-04
3.900000000000000000e+03 1.000000000000000048e-04
3.910000000000000000e+03 2.999999999999999737e-04
3.920000000000000000e+03 4.000000000000000192e-04
3.930000000000000000e+03 8.000000000000000383e-04
3.940000000000000000e+03 2.299999999999999961e-03
3.950000000000000000e+03 5.799999999999999600e-03
3.960000000000000000e+03 1.269999999999999948e-02
3.970000000000000000e+03 2.560000000000000123e-02
3.980000000000000000e+03 5.050000000000000322e-02
3.990000000000000000e+03 9.690000000000000002e-02
4.000000000000000000e+03 1.630000000000000060e-01
4.010000000000000000e+03 2.273999999999999910e-01
4.020000000000000000e+03 2.692999999999999838e-01
4.030000000000000000e+03 2.884999999999999787e-01
4.040000000000000000e+03 2.965999999999999748e-01
4.050000000000000000e+03 3.018000000000000127e-01
4.060000000000000000e+03 3.062000000000000277e-01
4.070000000000000000e+03 3.113000000000000211e-01
4.080000000000000000e+03 3.180999999999999939e-01
4.090000000000000000e+03 3.226999999999999869e-01
4.100000000000000000e+03 3.281999999999999917e-01
4.110000000000000000e+03 3.328999999999999737e-01
4.120000000000000000e+03 3.381000000000000116e-01
4.130000000000000000e+03 3.416000000000000147e-01
4.140000000000000000e+03 3.458999999999999853e-01
4.150000000000000000e+03 3.507000000000000117e-01
4.160000000000000000e+03 3.556000000000000272e-01
4.170000000000000000e+03 3.602000000000000202e-01
4.180000000000000000e+03 3.647000000000000242e-01
4.190000000000000000e+03 3.699999999999999956e-01
4.200000000000000000e+03 3.749000000000000110e-01
4.210000000000000000e+03 3.775999999999999912e-01
4.220000000000000000e+03 3.815000000000000058e-01
4.230000000000000000e+03 3.855000000000000093e-01
4.240000000000000000e+03 3.894000000000000239e-01
4.250000000000000000e+03 3.947999999999999843e-01
4.260000000000000000e+03 3.965000000000000191e-01
4.270000000000000000e+03 4.000000000000000222e-01
4.280000000000000000e+03 4.016000000000000125e-01
4.290000000000000000e+03 4.041000000000000147e-01
4.300000000000000000e+03 4.089999999999999747e-01
4.310000000000000000e+03 4.146000000000000241e-01
4.320000000000000000e+03 4.203000000000000069e-01
4.330000000000000000e+03 4.242000000000000215e-01
4.340000000000000000e+03 4.283000000000000140e-01
4.350000000000000000e+03 4.319000000000000061e-01
4.360000000000000000e+03 4.349999999999999978e-01
4.370000000000000000e+03 4.383000000000000229e-01
4.380000000000000000e+03 4.410999999999999921e-01
4.390000000000000000e+03 4.450999999999999956e-01
4.400000000000000000e+03 4.495999999999999996e-01
4.410000000000000000e+03 4.527999999999999803e-01
4.420000000000000000e+03 4.551000000000000045e-01
4.430000000000000000e+03 4.588999999999999746e-01
4.440000000000000000e+03 4.621999999999999997e-01
4.450000000000000000e+03 4.647999999999999909e-01
4.460000000000000000e+03 4.692999999999999949e-01
4.470000000000000000e+03 4.727999999999999980e-01
4.480000000000000000e+03 4.753999999999999893e-01
4.490000000000000000e+03 4.791000000000000258e-01
4.500000000000000000e+03 4.818999999999999950e-01
4.510000000000000000e+03 4.847000000000000197e-01
4.520000000000000000e+03 4.859999999999999876e-01
4.530000000000000000e+03 4.887000000000000233e-01
4.540000000000000000e+03 4.927000000000000268e-01
4.550000000000000000e+03 4.958000000000000185e-01
4.560000000000000000e+03 4.991999999999999771e-01
4.570000000000000000e+03 5.022999999999999687e-01
4.580000000000000000e+03 5.057000000000000384e-01
4.590000000000000000e+03 5.081999999999999851e-01
4.600000000000000000e+03 5.117000000000000437e-01
4.610000000000000000e+03 5.131999999999999895e-01
4.620000000000000000e+03 5.147000000000000464e-01
4.630000000000000000e+03 5.164999999999999591e-01
4.640000000000000000e+03 5.178000000000000380e-01
4.650000000000000000e+03 5.191000000000000059e-01
4.660000000000000000e+03 5.213999999999999746e-01
4.670000000000000000e+03 5.241999999999999993e-01
4.680000000000000000e+03 5.264999999999999680e-01
4.690000000000000000e+03 5.292999999999999927e-01
4.700000000000000000e+03 5.314999999999999725e-01
4.710000000000000000e+03 5.335999999999999632e-01
4.720000000000000000e+03 5.348000000000000531e-01
4.730000000000000000e+03 5.363999999999999879e-01
4.740000000000000000e+03 5.372000000000000108e-01
4.750000000000000000e+03 5.371000000000000218e-01
4.760000000000000000e+03 5.389000000000000457e-01
4.770000000000000000e+03 5.403999999999999915e-01
4.780000000000000000e+03 5.432000000000000162e-01
4.790000000000000000e+03 5.464999999999999858e-01
4.800000000000000000e+03 5.483999999999999986e-01
4.810000000000000000e+03 5.494999999999999885e-01
4.820000000000000000e+03 5.516999999999999682e-01
4.830000000000000000e+03 5.531000000000000361e-01
4.840000000000000000e+03 5.536999999999999700e-01
4.850000000000000000e+03 5.560000000000000497e-01
4.860000000000000000e+03 5.560000000000000497e-01
4.870000000000000000e+03 5.572000000000000286e-01
4.880000000000000000e+03 5.615999999999999881e-01
4.890000000000000000e+03 5.631000000000000449e-01
4.900000000000000000e+03 5.648999999999999577e-01
4.910000000000000000e+03 5.665999999999999925e-01
4.920000000000000000e+03 5.665999999999999925e-01
4.930000000000000000e+03 5.679999999999999494e-01
4.940000000000000000e+03 5.689999999999999503e-01
4.950000000000000000e+03 5.711000000000000520e-01
4.960000000000000000e+03 5.726999999999999869e-01
4.970000000000000000e+03 5.741000000000000547e-01
4.980000000000000000e+03 5.754000000000000226e-01
4.990000000000000000e+03 5.800999999999999490e-01
5.000000000000000000e+03 5.835000000000000187e-01
5.010000000000000000e+03 5.856999999999999984e-01
5.020000000000000000e+03 5.870999999999999552e-01
5.030000000000000000e+03 5.866999999999999993e-01
5.040000000000000000e+03 5.865000000000000213e-01
5.050000000000000000e+03 5.860999999999999543e-01
5.060000000000000000e+03 5.875000000000000222e-01
5.070000000000000000e+03 5.894000000000000350e-01
5.080000000000000000e+03 5.927999999999999936e-01
5.090000000000000000e+03 5.958999999999999853e-01
5.100000000000000000e+03 5.969999999999999751e-01
5.110000000000000000e+03 5.983000000000000540e-01
5.120000000000000000e+03 5.990999999999999659e-01
5.130000000000000000e+03 6.006000000000000227e-01
5.140000000000000000e+03 6.018999999999999906e-01
5.150000000000000000e+03 6.029999999999999805e-01
5.160000000000000000e+03 6.042999999999999483e-01
5.170000000000000000e+03 6.065000000000000391e-01
5.180000000000000000e+03 6.079999999999999849e-01
5.190000000000000000e+03 6.086000000000000298e-01
5.200000000000000000e+03 6.101999999999999647e-01
5.210000000000000000e+03 6.120999999999999774e-01
5.220000000000000000e+03 6.139000000000000012e-01
5.230000000000000000e+03 6.146000000000000352e-01
5.240000000000000000e+03 6.150999999999999801e-01
5.250000000000000000e+03 6.143999999999999462e-01
5.260000000000000000e+03 6.169000000000000039e-01
5.270000000000000000e+03 6.187000000000000277e-01
5.280000000000000000e+03 6.186000000000000387e-01
5.290000000000000000e+03 6.215000000000000524e-01
5.300000000000000000e+03 6.220999999999999863e-01
5.310000000000000000e+03 6.221999999999999753e-01
5.320000000000000000e+03 6.238000000000000211e-01
5.330000000000000000e+03 6.254999999999999449e-01
5.340000000000000000e+03 6.282999999999999696e-01
5.350000000000000000e+03 6.330000000000000071e-01
5.360000000000000000e+03 6.332999999999999741e-01
5.370000000000000000e+03 6.343999999999999639e-01
5.380000000000000000e+03 6.370000000000000107e-01
5.390000000000000000e+03 6.381999999999999895e-01
5.400000000000000000e+03 6.381000000000000005e-01
5.410000000000000000e+03 6.349000000000000199e-01
5.420000000000000000e+03 6.239999999999999991e-01
5.430000000000000000e+03 5.994000000000000439e-01
5.440000000000000000e+03 5.523000000000000131e-01
5.450000000000000000e+03 4.840999999999999748e-01
5.460000000000000000e+03 3.991000000000000103e-01
5.470000000000000000e+03 3.080999999999999850e-01
5.480000000000000000e+03 2.238999999999999879e-01
5.490000000000000000e+03 1.532000000000000028e-01
5.500000000000000000e+03 9.869999999999999607e-02
5.510000000000000000e+03 5.899999999999999689e-02
5.520000000000000000e+03 3.289999999999999869e-02
5.530000000000000000e+03 1.739999999999999880e-02
5.540000000000000000e+03 9.199999999999999845e-03
5.550000000000000000e+03 5.100000000000000366e-03
5.560000000000000000e+03 3.200000000000000153e-03
5.570000000000000000e+03 2.200000000000000133e-03
5.580000000000000000e+03 1.600000000000000077e-03
5.590000000000000000e+03 1.199999999999999895e-03
5.600000000000000000e+03 1.000000000000000021e-03
5.610000000000000000e+03 6.999999999999999929e-04
5.620000000000000000e+03 5.000000000000000104e-04
5.630000000000000000e+03 2.999999999999999737e-04
5.640000000000000000e+03 2.999999999999999737e-04
5.650000000000000000e+03 2.000000000000000096e-04
5.660000000000000000e+03 2.000000000000000096e-04
5.670000000000000000e+03 2.000000000000000096e-04
5.680000000000000000e+03 2.000000000000000096e-04
5.690000000000000000e+03 2.000000000000000096e-04
5.700000000000000000e+03 1.000000000000000048e-04
