3.815000000000000000e+03 5.400000000000000069e-04
3.820000000000000000e+03 5.999999999999999474e-04
3.825000000000000000e+03 5.999999999999999474e-04
3.830000000000000000e+03 5.999999999999999474e-04
3.835000000000000000e+03 6.999999999999999929e-04
3.840000000000000000e+03 7.900000000000000121e-04
3.845000000000000000e+03 8.700000000000000051e-04
3.850000000000000000e+03 9.499999999999999981e-04
3.855000000000000000e+03 1.030000000000000100e-03
3.860000000000000000e+03 1.110000000000000092e-03
3.865000000000000000e+03 1.229999999999999974e-03
3.870000000000000000e+03 1.350000000000000071e-03
3.875000000000000000e+03 1.469999999999999953e-03
3.880000000000000000e+03 1.590000000000000050e-03
3.885000000000000000e+03 1.779999999999999898e-03
3.890000000000000000e+03 1.979999999999999989e-03
3.895000000000000000e+03 2.180000000000000080e-03
3.900000000000000000e+03 2.380000000000000171e-03
3.905000000000000000e+03 2.370000000000000145e-03
3.910000000000000000e+03 2.350000000000000092e-03
3.915000000000000000e+03 3.340000000000000087e-03
3.920000000000000000e+03 4.340000000000000108e-03
3.925000000000000000e+03 6.590000000000000371e-03
3.930000000000000000e+03 8.850000000000000228e-03
3.935000000000000000e+03 1.111999999999999968e-02
3.940000000000000000e+03 1.341000000000000004e-02
3.945000000000000000e+03 1.367999999999999945e-02
3.950000000000000000e+03 1.396000000000000019e-02
3.955000000000000000e+03 4.648999999999999660e-02
3.960000000000000000e+03 7.915999999999999426e-02
3.965000000000000000e+03 1.134899999999999937e-01
3.970000000000000000e+03 1.479199999999999959e-01
3.975000000000000000e+03 1.824500000000000011e-01
3.980000000000000000e+03 2.170999999999999874e-01
3.985000000000000000e+03 2.170199999999999907e-01
3.990000000000000000e+03 2.170199999999999907e-01
3.995000000000000000e+03 2.294599999999999973e-01
4.000000000000000000e+03 2.419600000000000084e-01
4.005000000000000000e+03 2.478200000000000125e-01
4.010000000000000000e+03 2.537699999999999956e-01
4.015000000000000000e+03 2.596999999999999864e-01
4.020000000000000000e+03 2.656999999999999917e-01
4.025000000000000000e+03 2.678099999999999925e-01
4.030000000000000000e+03 2.698900000000000188e-01
4.035000000000000000e+03 2.721799999999999775e-01
4.040000000000000000e+03 2.744699999999999918e-01
4.045000000000000000e+03 2.751799999999999802e-01
4.050000000000000000e+03 2.758900000000000241e-01
4.055000000000000000e+03 2.791799999999999837e-01
4.060000000000000000e+03 2.825500000000000234e-01
4.065000000000000000e+03 2.845300000000000051e-01
4.070000000000000000e+03 2.864499999999999824e-01
4.075000000000000000e+03 2.907399999999999984e-01
4.080000000000000000e+03 2.949399999999999800e-01
4.085000000000000000e+03 2.956799999999999984e-01
4.090000000000000000e+03 2.964499999999999913e-01
4.095000000000000000e+03 2.990399999999999725e-01
4.100000000000000000e+03 3.015800000000000147e-01
4.105000000000000000e+03 3.034299999999999775e-01
4.110000000000000000e+03 3.053000000000000158e-01
4.115000000000000000e+03 3.072099999999999831e-01
4.120000000000000000e+03 3.090600000000000014e-01
4.125000000000000000e+03 3.104700000000000237e-01
4.130000000000000000e+03 3.118500000000000161e-01
4.135000000000000000e+03 3.142699999999999938e-01
4.140000000000000000e+03 3.168099999999999805e-01
4.145000000000000000e+03 3.183500000000000218e-01
4.150000000000000000e+03 3.198599999999999777e-01
4.155000000000000000e+03 3.248099999999999876e-01
4.160000000000000000e+03 3.296999999999999931e-01
4.165000000000000000e+03 3.327100000000000057e-01
4.170000000000000000e+03 3.356500000000000039e-01
4.175000000000000000e+03 3.386000000000000121e-01
4.180000000000000000e+03 3.416000000000000147e-01
4.185000000000000000e+03 3.425500000000000211e-01
4.190000000000000000e+03 3.435699999999999865e-01
4.195000000000000000e+03 3.442299999999999804e-01
4.200000000000000000e+03 3.448499999999999899e-01
4.205000000000000000e+03 3.455799999999999983e-01
4.210000000000000000e+03 3.462999999999999967e-01
4.215000000000000000e+03 3.487000000000000099e-01
4.220000000000000000e+03 3.511099999999999777e-01
4.225000000000000000e+03 3.518100000000000116e-01
4.230000000000000000e+03 3.525099999999999900e-01
4.235000000000000000e+03 3.584700000000000109e-01
4.240000000000000000e+03 3.643700000000000272e-01
4.245000000000000000e+03 3.663799999999999835e-01
4.250000000000000000e+03 3.685800000000000187e-01
4.255000000000000000e+03 3.708299999999999930e-01
4.260000000000000000e+03 3.729600000000000137e-01
4.265000000000000000e+03 3.747400000000000175e-01
4.270000000000000000e+03 3.764500000000000068e-01
4.275000000000000000e+03 3.804199999999999804e-01
4.280000000000000000e+03 3.844600000000000239e-01
4.285000000000000000e+03 3.851399999999999824e-01
4.290000000000000000e+03 3.857700000000000018e-01
4.295000000000000000e+03 3.901000000000000023e-01
4.300000000000000000e+03 3.942899999999999738e-01
4.305000000000000000e+03 3.959099999999999842e-01
4.310000000000000000e+03 3.976500000000000035e-01
4.315000000000000000e+03 3.994699999999999918e-01
4.320000000000000000e+03 4.013800000000000145e-01
4.325000000000000000e+03 4.036299999999999888e-01
4.330000000000000000e+03 4.057200000000000251e-01
4.335000000000000000e+03 4.077299999999999813e-01
4.340000000000000000e+03 4.098700000000000121e-01
4.345000000000000000e+03 4.123700000000000143e-01
4.350000000000000000e+03 4.147700000000000276e-01
4.355000000000000000e+03 4.173999999999999932e-01
4.360000000000000000e+03 4.201099999999999834e-01
4.365000000000000000e+03 4.224600000000000022e-01
4.370000000000000000e+03 4.248000000000000109e-01
4.375000000000000000e+03 4.271599999999999842e-01
4.380000000000000000e+03 4.292500000000000204e-01
4.385000000000000000e+03 4.319799999999999751e-01
4.390000000000000000e+03 4.345700000000000118e-01
4.395000000000000000e+03 4.374399999999999955e-01
4.400000000000000000e+03 4.404799999999999827e-01
4.405000000000000000e+03 4.425899999999999834e-01
4.410000000000000000e+03 4.446399999999999797e-01
4.415000000000000000e+03 4.465199999999999725e-01
4.420000000000000000e+03 4.484400000000000053e-01
4.425000000000000000e+03 4.500299999999999856e-01
4.430000000000000000e+03 4.516000000000000014e-01
4.435000000000000000e+03 4.532700000000000062e-01
4.440000000000000000e+03 4.548900000000000166e-01
4.445000000000000000e+03 4.563099999999999934e-01
4.450000000000000000e+03 4.578200000000000047e-01
4.455000000000000000e+03 4.595099999999999740e-01
4.460000000000000000e+03 4.613499999999999823e-01
4.465000000000000000e+03 4.630400000000000071e-01
4.470000000000000000e+03 4.645000000000000240e-01
4.475000000000000000e+03 4.659099999999999908e-01
4.480000000000000000e+03 4.670500000000000207e-01
4.485000000000000000e+03 4.685799999999999965e-01
4.490000000000000000e+03 4.703800000000000203e-01
4.495000000000000000e+03 4.723800000000000221e-01
4.500000000000000000e+03 4.742000000000000104e-01
4.505000000000000000e+03 4.758100000000000107e-01
4.510000000000000000e+03 4.773899999999999810e-01
4.515000000000000000e+03 4.789100000000000024e-01
4.520000000000000000e+03 4.805400000000000227e-01
4.525000000000000000e+03 4.826199999999999934e-01
4.530000000000000000e+03 4.847400000000000042e-01
4.535000000000000000e+03 4.869299999999999740e-01
4.540000000000000000e+03 4.891599999999999837e-01
4.545000000000000000e+03 4.904700000000000171e-01
4.550000000000000000e+03 4.916300000000000114e-01
4.555000000000000000e+03 4.927300000000000013e-01
4.560000000000000000e+03 4.939399999999999902e-01
4.565000000000000000e+03 4.947099999999999831e-01
4.570000000000000000e+03 4.954799999999999760e-01
4.575000000000000000e+03 4.961999999999999744e-01
4.580000000000000000e+03 4.967199999999999949e-01
4.585000000000000000e+03 4.984899999999999887e-01
4.590000000000000000e+03 5.004499999999999504e-01
4.595000000000000000e+03 5.024699999999999722e-01
4.600000000000000000e+03 5.043900000000000050e-01
4.605000000000000000e+03 5.062299999999999578e-01
4.610000000000000000e+03 5.080799999999999761e-01
4.615000000000000000e+03 5.099700000000000344e-01
4.620000000000000000e+03 5.120200000000000307e-01
4.625000000000000000e+03 5.136600000000000055e-01
4.630000000000000000e+03 5.152099999999999458e-01
4.635000000000000000e+03 5.166100000000000136e-01
4.640000000000000000e+03 5.181000000000000050e-01
4.645000000000000000e+03 5.195100000000000273e-01
4.650000000000000000e+03 5.209700000000000442e-01
4.655000000000000000e+03 5.225400000000000045e-01
4.660000000000000000e+03 5.240099999999999758e-01
4.665000000000000000e+03 5.244400000000000173e-01
4.670000000000000000e+03 5.245999999999999552e-01
4.675000000000000000e+03 5.248300000000000187e-01
4.680000000000000000e+03 5.251500000000000057e-01
4.685000000000000000e+03 5.260500000000000176e-01
4.690000000000000000e+03 5.268899999999999695e-01
4.695000000000000000e+03 5.277899999999999814e-01
4.700000000000000000e+03 5.287500000000000533e-01
4.705000000000000000e+03 5.300599999999999756e-01
4.710000000000000000e+03 5.314400000000000235e-01
4.715000000000000000e+03 5.328600000000000003e-01
4.720000000000000000e+03 5.342400000000000482e-01
4.725000000000000000e+03 5.361200000000000410e-01
4.730000000000000000e+03 5.380000000000000338e-01
4.735000000000000000e+03 5.397699999999999720e-01
4.740000000000000000e+03 5.414299999999999669e-01
4.745000000000000000e+03 5.432900000000000507e-01
4.750000000000000000e+03 5.453599999999999559e-01
4.755000000000000000e+03 5.474400000000000377e-01
4.760000000000000000e+03 5.495200000000000085e-01
4.765000000000000000e+03 5.501700000000000479e-01
4.770000000000000000e+03 5.507600000000000273e-01
4.775000000000000000e+03 5.513500000000000068e-01
4.780000000000000000e+03 5.518999999999999462e-01
4.785000000000000000e+03 5.523900000000000476e-01
4.790000000000000000e+03 5.527800000000000491e-01
4.795000000000000000e+03 5.530399999999999761e-01
4.800000000000000000e+03 5.535400000000000320e-01
4.805000000000000000e+03 5.550699999999999523e-01
4.810000000000000000e+03 5.565400000000000347e-01
4.815000000000000000e+03 5.580199999999999605e-01
4.820000000000000000e+03 5.595599999999999463e-01
4.825000000000000000e+03 5.603900000000000547e-01
4.830000000000000000e+03 5.612899999999999556e-01
4.835000000000000000e+03 5.621300000000000185e-01
4.840000000000000000e+03 5.629800000000000360e-01
4.845000000000000000e+03 5.630699999999999594e-01
4.850000000000000000e+03 5.631099999999999994e-01
4.855000000000000000e+03 5.632000000000000339e-01
4.860000000000000000e+03 5.632800000000000029e-01
4.865000000000000000e+03 5.649300000000000432e-01
4.870000000000000000e+03 5.665799999999999725e-01
4.875000000000000000e+03 5.679899999999999949e-01
4.880000000000000000e+03 5.695900000000000407e-01
4.885000000000000000e+03 5.710699999999999665e-01
4.890000000000000000e+03 5.727700000000000014e-01
4.895000000000000000e+03 5.747700000000000031e-01
4.900000000000000000e+03 5.766999999999999904e-01
4.905000000000000000e+03 5.776900000000000368e-01
4.910000000000000000e+03 5.786200000000000232e-01
4.915000000000000000e+03 5.794899999999999496e-01
4.920000000000000000e+03 5.803700000000000525e-01
4.925000000000000000e+03 5.801899999999999835e-01
4.930000000000000000e+03 5.800800000000000400e-01
4.935000000000000000e+03 5.798999999999999710e-01
4.940000000000000000e+03 5.797299999999999676e-01
4.945000000000000000e+03 5.802199999999999580e-01
4.950000000000000000e+03 5.807600000000000540e-01
4.955000000000000000e+03 5.813599999999999879e-01
4.960000000000000000e+03 5.817900000000000293e-01
4.965000000000000000e+03 5.839900000000000091e-01
4.970000000000000000e+03 5.861199999999999743e-01
4.975000000000000000e+03 5.883800000000000141e-01
4.980000000000000000e+03 5.905799999999999939e-01
4.985000000000000000e+03 5.920499999999999652e-01
4.990000000000000000e+03 5.932800000000000296e-01
4.995000000000000000e+03 5.945200000000000484e-01
5.000000000000000000e+03 5.958200000000000163e-01
5.005000000000000000e+03 5.967000000000000082e-01
5.010000000000000000e+03 5.977000000000000091e-01
5.015000000000000000e+03 5.987099999999999644e-01
5.020000000000000000e+03 5.996500000000000163e-01
5.025000000000000000e+03 5.998999999999999888e-01
5.030000000000000000e+03 6.001600000000000268e-01
5.035000000000000000e+03 6.003500000000000503e-01
5.040000000000000000e+03 6.007200000000000317e-01
5.045000000000000000e+03 6.017500000000000071e-01
5.050000000000000000e+03 6.029099999999999460e-01
5.055000000000000000e+03 6.038700000000000179e-01
5.060000000000000000e+03 6.049099999999999477e-01
5.065000000000000000e+03 6.065300000000000136e-01
5.070000000000000000e+03 6.082800000000000429e-01
5.075000000000000000e+03 6.098999999999999977e-01
5.080000000000000000e+03 6.116500000000000270e-01
5.085000000000000000e+03 6.128099999999999659e-01
5.090000000000000000e+03 6.139700000000000157e-01
5.095000000000000000e+03 6.151299999999999546e-01
5.100000000000000000e+03 6.162300000000000555e-01
5.105000000000000000e+03 6.160999999999999810e-01
5.110000000000000000e+03 6.160400000000000320e-01
5.115000000000000000e+03 6.157899999999999485e-01
5.120000000000000000e+03 6.154800000000000271e-01
5.125000000000000000e+03 6.160400000000000320e-01
5.130000000000000000e+03 6.166700000000000514e-01
5.135000000000000000e+03 6.174199999999999688e-01
5.140000000000000000e+03 6.179900000000000393e-01
5.145000000000000000e+03 6.195899999999999741e-01
5.150000000000000000e+03 6.211900000000000199e-01
5.155000000000000000e+03 6.227899999999999547e-01
5.160000000000000000e+03 6.243900000000000006e-01
5.165000000000000000e+03 6.252299999999999525e-01
5.170000000000000000e+03 6.259400000000000519e-01
5.175000000000000000e+03 6.267200000000000548e-01
5.180000000000000000e+03 6.274999999999999467e-01
5.185000000000000000e+03 6.284600000000000186e-01
5.190000000000000000e+03 6.295500000000000540e-01
5.195000000000000000e+03 6.306399999999999784e-01
5.200000000000000000e+03 6.318700000000000427e-01
5.205000000000000000e+03 6.334899999999999975e-01
5.210000000000000000e+03 6.353100000000000414e-01
5.215000000000000000e+03 6.371299999999999741e-01
5.220000000000000000e+03 6.388800000000000034e-01
5.225000000000000000e+03 6.402900000000000258e-01
5.230000000000000000e+03 6.416300000000000336e-01
5.235000000000000000e+03 6.429599999999999760e-01
5.240000000000000000e+03 6.442299999999999693e-01
5.245000000000000000e+03 6.449300000000000033e-01
5.250000000000000000e+03 6.455699999999999772e-01
5.255000000000000000e+03 6.462799999999999656e-01
5.260000000000000000e+03 6.470500000000000140e-01
5.265000000000000000e+03 6.472299999999999720e-01
5.270000000000000000e+03 6.474100000000000410e-01
5.275000000000000000e+03 6.477199999999999624e-01
5.280000000000000000e+03 6.478300000000000169e-01
5.285000000000000000e+03 6.481999999999999984e-01
5.290000000000000000e+03 6.485699999999999799e-01
5.295000000000000000e+03 6.490000000000000213e-01
5.300000000000000000e+03 6.494299999999999518e-01
5.305000000000000000e+03 6.504600000000000382e-01
5.310000000000000000e+03 6.514999999999999680e-01
5.315000000000000000e+03 6.524600000000000399e-01
5.320000000000000000e+03 6.535600000000000298e-01
5.325000000000000000e+03 6.545900000000000052e-01
5.330000000000000000e+03 6.556899999999999951e-01
5.335000000000000000e+03 6.567899999999999849e-01
5.340000000000000000e+03 6.579000000000000403e-01
5.345000000000000000e+03 6.592200000000000282e-01
5.350000000000000000e+03 6.606199999999999850e-01
5.355000000000000000e+03 6.619500000000000384e-01
5.360000000000000000e+03 6.632900000000000462e-01
5.365000000000000000e+03 6.627699999999999703e-01
5.370000000000000000e+03 6.623200000000000198e-01
5.375000000000000000e+03 6.618000000000000549e-01
5.380000000000000000e+03 6.612200000000000299e-01
5.385000000000000000e+03 6.596100000000000296e-01
5.390000000000000000e+03 6.581200000000000383e-01
5.395000000000000000e+03 6.565100000000000380e-01
5.400000000000000000e+03 6.549599999999999866e-01
5.405000000000000000e+03 6.564200000000000035e-01
5.410000000000000000e+03 6.576699999999999768e-01
5.415000000000000000e+03 6.590700000000000447e-01
5.420000000000000000e+03 6.604499999999999815e-01
5.425000000000000000e+03 6.648500000000000520e-01
5.430000000000000000e+03 6.692500000000000115e-01
5.435000000000000000e+03 6.734400000000000386e-01
5.440000000000000000e+03 6.778499999999999526e-01
5.445000000000000000e+03 6.555999999999999606e-01
5.450000000000000000e+03 6.332799999999999541e-01
5.455000000000000000e+03 6.108799999999999786e-01
5.460000000000000000e+03 5.885500000000000176e-01
5.465000000000000000e+03 5.051799999999999624e-01
5.470000000000000000e+03 4.218999999999999972e-01
5.475000000000000000e+03 3.383800000000000141e-01
5.480000000000000000e+03 2.548799999999999955e-01
5.485000000000000000e+03 2.034700000000000120e-01
5.490000000000000000e+03 1.519999999999999962e-01
5.495000000000000000e+03 1.005199999999999982e-01
5.500000000000000000e+03 4.900000000000000189e-02
5.505000000000000000e+03 3.950000000000000039e-02
5.510000000000000000e+03 2.999999999999999889e-02
5.515000000000000000e+03 2.049000000000000127e-02
5.520000000000000000e+03 1.098999999999999977e-02
5.525000000000000000e+03 8.869999999999999413e-03
5.530000000000000000e+03 6.760000000000000384e-03
5.535000000000000000e+03 4.640000000000000027e-03
5.540000000000000000e+03 2.530000000000000131e-03
5.545000000000000000e+03 2.129999999999999949e-03
5.550000000000000000e+03 1.740000000000000010e-03
5.555000000000000000e+03 1.340000000000000045e-03
5.560000000000000000e+03 9.499999999999999981e-04
5.565000000000000000e+03 8.499999999999999526e-04
5.570000000000000000e+03 7.500000000000000156e-04
5.575000000000000000e+03 6.499999999999999702e-04
5.580000000000000000e+03 5.500000000000000331e-04
5.585000000000000000e+03 5.100000000000000366e-04
