3.330000000000000000e+03 0.000000000000000000e+00
3.340000000000000000e+03 1.389999999999999960e-03
3.350000000000000000e+03 2.749999999999999840e-03
3.360000000000000000e+03 3.459999999999999968e-03
3.370000000000000000e+03 3.950000000000000386e-03
3.380000000000000000e+03 4.550000000000000225e-03
3.390000000000000000e+03 4.680000000000000132e-03
3.400000000000000000e+03 4.709999999999999777e-03
3.410000000000000000e+03 5.660000000000000100e-03
3.420000000000000000e+03 6.349999999999999742e-03
3.430000000000000000e+03 7.230000000000000315e-03
3.440000000000000000e+03 8.089999999999999969e-03
3.450000000000000000e+03 9.039999999999999425e-03
3.460000000000000000e+03 9.969999999999999696e-03
3.470000000000000000e+03 9.780000000000000498e-03
3.480000000000000000e+03 1.148000000000000062e-02
3.490000000000000000e+03 1.179000000000000013e-02
3.500000000000000000e+03 1.282999999999999939e-02
3.510000000000000000e+03 1.388999999999999957e-02
3.520000000000000000e+03 1.430999999999999980e-02
3.530000000000000000e+03 1.606000000000000136e-02
3.540000000000000000e+03 1.846000000000000071e-02
3.550000000000000000e+03 1.907999999999999974e-02
3.560000000000000000e+03 2.236000000000000140e-02
3.570000000000000000e+03 2.272000000000000061e-02
3.580000000000000000e+03 2.554000000000000020e-02
3.590000000000000000e+03 2.753999999999999851e-02
3.600000000000000000e+03 2.963999999999999968e-02
3.610000000000000000e+03 3.093999999999999875e-02
3.620000000000000000e+03 3.504999999999999782e-02
3.630000000000000000e+03 3.717999999999999777e-02
3.640000000000000000e+03 3.932999999999999691e-02
3.650000000000000000e+03 4.150000000000000216e-02
3.660000000000000000e+03 4.778000000000000302e-02
3.670000000000000000e+03 4.830000000000000265e-02
3.680000000000000000e+03 5.410999999999999838e-02
3.690000000000000000e+03 5.489999999999999741e-02
3.700000000000000000e+03 5.972000000000000225e-02
3.710000000000000000e+03 6.151999999999999830e-02
3.720000000000000000e+03 6.438000000000000667e-02
3.730000000000000000e+03 6.740999999999999770e-02
3.740000000000000000e+03 7.101999999999999980e-02
3.750000000000000000e+03 7.466000000000000414e-02
3.760000000000000000e+03 7.834000000000000685e-02
3.770000000000000000e+03 8.187999999999999445e-02
3.780000000000000000e+03 8.513999999999999346e-02
3.790000000000000000e+03 8.844000000000000472e-02
3.800000000000000000e+03 9.331000000000000405e-02
3.810000000000000000e+03 9.493000000000000049e-02
3.820000000000000000e+03 9.750000000000000333e-02
3.830000000000000000e+03 9.989000000000000656e-02
3.840000000000000000e+03 1.044699999999999934e-01
3.850000000000000000e+03 1.075500000000000067e-01
3.860000000000000000e+03 1.106599999999999945e-01
3.870000000000000000e+03 1.142999999999999988e-01
3.880000000000000000e+03 1.182200000000000056e-01
3.890000000000000000e+03 1.196300000000000002e-01
3.900000000000000000e+03 1.210500000000000048e-01
3.910000000000000000e+03 1.247899999999999981e-01
3.920000000000000000e+03 1.293100000000000083e-01
3.930000000000000000e+03 1.303199999999999914e-01
3.940000000000000000e+03 1.345699999999999952e-01
3.950000000000000000e+03 1.381699999999999873e-01
3.960000000000000000e+03 1.412899999999999989e-01
3.970000000000000000e+03 1.404799999999999938e-01
3.980000000000000000e+03 1.200299999999999978e-01
3.990000000000000000e+03 9.107999999999999430e-02
4.000000000000000000e+03 5.040000000000000036e-02
4.010000000000000000e+03 1.881000000000000033e-02
4.020000000000000000e+03 7.709999999999999840e-03
4.030000000000000000e+03 3.089999999999999865e-03
4.040000000000000000e+03 1.369999999999999907e-03
4.050000000000000000e+03 1.260000000000000052e-03
4.060000000000000000e+03 1.059999999999999961e-03
4.070000000000000000e+03 3.699999999999999947e-04
