8.250000000000000000e+03 0.000000000000000000e+00
8.255000000000000000e+03 2.180000000000000080e-03
8.260000000000000000e+03 4.340000000000000108e-03
8.265000000000000000e+03 4.669999999999999672e-03
8.270000000000000000e+03 4.969999999999999592e-03
8.275000000000000000e+03 5.279999999999999971e-03
8.280000000000000000e+03 5.629999999999999588e-03
8.285000000000000000e+03 5.660000000000000100e-03
8.290000000000000000e+03 5.649999999999999641e-03
8.295000000000000000e+03 5.660000000000000100e-03
8.300000000000000000e+03 5.709999999999999798e-03
8.305000000000000000e+03 6.009999999999999717e-03
8.310000000000000000e+03 6.360000000000000202e-03
8.315000000000000000e+03 6.839999999999999726e-03
8.320000000000000000e+03 7.239999999999999908e-03
8.325000000000000000e+03 7.760000000000000404e-03
8.330000000000000000e+03 8.309999999999999679e-03
8.335000000000000000e+03 8.779999999999999610e-03
8.340000000000000000e+03 9.270000000000000462e-03
8.345000000000000000e+03 1.135000000000000071e-02
8.350000000000000000e+03 1.339000000000000086e-02
8.355000000000000000e+03 1.375999999999999966e-02
8.360000000000000000e+03 1.413999999999999979e-02
8.365000000000000000e+03 1.454000000000000084e-02
8.370000000000000000e+03 1.494999999999999975e-02
8.375000000000000000e+03 1.533999999999999947e-02
8.380000000000000000e+03 1.573000000000000093e-02
8.385000000000000000e+03 1.958000000000000018e-02
8.390000000000000000e+03 2.341999999999999985e-02
8.395000000000000000e+03 2.589999999999999941e-02
8.400000000000000000e+03 2.835000000000000020e-02
8.405000000000000000e+03 3.079000000000000140e-02
8.410000000000000000e+03 3.321999999999999953e-02
8.415000000000000000e+03 3.570999999999999869e-02
8.420000000000000000e+03 3.819000000000000172e-02
8.425000000000000000e+03 5.741999999999999882e-02
8.430000000000000000e+03 7.663000000000000367e-02
8.435000000000000000e+03 7.431999999999999718e-02
8.440000000000000000e+03 7.205999999999999905e-02
8.445000000000000000e+03 9.307999999999999607e-02
8.450000000000000000e+03 1.141100000000000031e-01
8.455000000000000000e+03 1.351600000000000024e-01
8.460000000000000000e+03 1.561400000000000010e-01
8.465000000000000000e+03 2.401800000000000046e-01
8.470000000000000000e+03 3.244099999999999762e-01
8.475000000000000000e+03 3.221399999999999819e-01
8.480000000000000000e+03 3.196800000000000197e-01
8.485000000000000000e+03 3.808900000000000063e-01
8.490000000000000000e+03 4.421599999999999975e-01
8.495000000000000000e+03 5.035300000000000331e-01
8.500000000000000000e+03 5.648800000000000487e-01
8.505000000000000000e+03 6.163300000000000445e-01
8.510000000000000000e+03 6.676400000000000112e-01
8.515000000000000000e+03 7.189699999999999980e-01
8.520000000000000000e+03 7.706699999999999662e-01
8.525000000000000000e+03 8.022200000000000442e-01
8.530000000000000000e+03 8.335599999999999676e-01
8.535000000000000000e+03 8.646700000000000497e-01
8.540000000000000000e+03 8.955899999999999972e-01
8.545000000000000000e+03 9.048800000000000177e-01
8.550000000000000000e+03 9.144400000000000306e-01
8.555000000000000000e+03 9.239100000000000090e-01
8.560000000000000000e+03 9.333900000000000530e-01
8.565000000000000000e+03 9.319300000000000361e-01
8.570000000000000000e+03 9.302899999999999503e-01
8.575000000000000000e+03 9.350699999999999568e-01
8.580000000000000000e+03 9.401399999999999757e-01
8.585000000000000000e+03 9.320699999999999541e-01
8.590000000000000000e+03 9.237100000000000311e-01
8.595000000000000000e+03 9.234900000000000331e-01
8.600000000000000000e+03 9.234400000000000386e-01
8.605000000000000000e+03 9.251599999999999824e-01
8.610000000000000000e+03 9.267800000000000482e-01
8.615000000000000000e+03 9.293599999999999639e-01
8.620000000000000000e+03 9.317400000000000126e-01
8.625000000000000000e+03 9.362800000000000011e-01
8.630000000000000000e+03 9.410100000000000131e-01
8.635000000000000000e+03 9.451600000000000001e-01
8.640000000000000000e+03 9.493200000000000527e-01
8.645000000000000000e+03 9.504899999999999460e-01
8.650000000000000000e+03 9.513700000000000490e-01
8.655000000000000000e+03 9.500699999999999701e-01
8.660000000000000000e+03 9.490600000000000147e-01
8.665000000000000000e+03 9.520100000000000229e-01
8.670000000000000000e+03 9.549699999999999855e-01
8.675000000000000000e+03 9.545799999999999841e-01
8.680000000000000000e+03 9.540800000000000392e-01
8.685000000000000000e+03 9.536900000000000377e-01
8.690000000000000000e+03 9.533899999999999597e-01
8.695000000000000000e+03 9.534299999999999997e-01
8.700000000000000000e+03 9.534599999999999742e-01
8.705000000000000000e+03 9.535000000000000142e-01
8.710000000000000000e+03 9.536400000000000432e-01
8.715000000000000000e+03 9.539400000000000102e-01
8.720000000000000000e+03 9.542300000000000226e-01
8.725000000000000000e+03 9.546299999999999786e-01
8.730000000000000000e+03 9.549299999999999455e-01
8.735000000000000000e+03 9.545799999999999841e-01
8.740000000000000000e+03 9.544300000000000006e-01
8.745000000000000000e+03 9.562000000000000499e-01
8.750000000000000000e+03 9.579699999999999882e-01
8.755000000000000000e+03 9.589199999999999946e-01
8.760000000000000000e+03 9.598700000000000010e-01
8.765000000000000000e+03 9.608200000000000074e-01
8.770000000000000000e+03 9.617599999999999483e-01
8.775000000000000000e+03 9.628700000000000037e-01
8.780000000000000000e+03 9.637900000000000356e-01
8.785000000000000000e+03 9.647999999999999909e-01
8.790000000000000000e+03 9.658999999999999808e-01
8.795000000000000000e+03 9.665500000000000203e-01
8.800000000000000000e+03 9.671999999999999487e-01
8.805000000000000000e+03 9.677499999999999991e-01
8.810000000000000000e+03 9.683100000000000041e-01
8.815000000000000000e+03 9.690199999999999925e-01
8.820000000000000000e+03 9.696399999999999464e-01
8.825000000000000000e+03 9.702499999999999458e-01
8.830000000000000000e+03 9.711600000000000232e-01
8.835000000000000000e+03 9.714000000000000412e-01
8.840000000000000000e+03 9.719400000000000261e-01
8.845000000000000000e+03 9.723800000000000221e-01
8.850000000000000000e+03 9.726200000000000401e-01
8.855000000000000000e+03 9.727000000000000091e-01
8.860000000000000000e+03 9.722899999999999876e-01
8.865000000000000000e+03 9.729499999999999815e-01
8.870000000000000000e+03 9.738999999999999879e-01
8.875000000000000000e+03 9.744699999999999473e-01
8.880000000000000000e+03 9.742600000000000149e-01
8.885000000000000000e+03 9.752300000000000413e-01
8.890000000000000000e+03 9.768799999999999706e-01
8.895000000000000000e+03 9.747099999999999653e-01
8.900000000000000000e+03 9.719600000000000461e-01
8.905000000000000000e+03 9.719700000000000006e-01
8.910000000000000000e+03 9.724699999999999456e-01
8.915000000000000000e+03 9.715599999999999792e-01
8.920000000000000000e+03 9.698700000000000099e-01
8.925000000000000000e+03 9.684800000000000075e-01
8.930000000000000000e+03 9.634899999999999576e-01
8.935000000000000000e+03 9.602600000000000025e-01
8.940000000000000000e+03 9.609100000000000419e-01
8.945000000000000000e+03 9.558400000000000230e-01
8.950000000000000000e+03 9.457200000000000051e-01
8.955000000000000000e+03 9.322200000000000486e-01
8.960000000000000000e+03 9.225200000000000067e-01
8.965000000000000000e+03 9.091299999999999937e-01
8.970000000000000000e+03 9.038899999999999713e-01
8.975000000000000000e+03 9.134799999999999587e-01
8.980000000000000000e+03 9.190899999999999626e-01
8.985000000000000000e+03 8.854300000000000503e-01
8.990000000000000000e+03 8.427000000000000046e-01
8.995000000000000000e+03 8.637200000000000433e-01
9.000000000000000000e+03 8.924600000000000311e-01
9.005000000000000000e+03 8.861299999999999732e-01
9.010000000000000000e+03 8.916600000000000081e-01
9.015000000000000000e+03 8.998399999999999732e-01
9.020000000000000000e+03 8.974800000000000555e-01
9.025000000000000000e+03 8.930000000000000160e-01
9.030000000000000000e+03 9.059199999999999475e-01
9.035000000000000000e+03 9.377499999999999725e-01
9.040000000000000000e+03 9.577999999999999847e-01
9.045000000000000000e+03 9.549999999999999600e-01
9.050000000000000000e+03 9.507400000000000295e-01
9.055000000000000000e+03 9.517099999999999449e-01
9.060000000000000000e+03 9.497400000000000286e-01
9.065000000000000000e+03 9.285799999999999610e-01
9.070000000000000000e+03 9.044100000000000472e-01
9.075000000000000000e+03 8.956699999999999662e-01
9.080000000000000000e+03 8.937100000000000044e-01
9.085000000000000000e+03 8.960700000000000331e-01
9.090000000000000000e+03 8.961599999999999566e-01
9.095000000000000000e+03 9.007399999999999851e-01
9.100000000000000000e+03 9.034499999999999753e-01
9.105000000000000000e+03 8.958099999999999952e-01
9.110000000000000000e+03 9.060899999999999510e-01
9.115000000000000000e+03 9.115799999999999459e-01
9.120000000000000000e+03 9.026600000000000179e-01
9.125000000000000000e+03 9.131899999999999462e-01
9.130000000000000000e+03 8.915300000000000447e-01
9.135000000000000000e+03 8.681400000000000228e-01
9.140000000000000000e+03 8.861400000000000388e-01
9.145000000000000000e+03 9.167100000000000248e-01
9.150000000000000000e+03 9.092999999999999972e-01
9.155000000000000000e+03 8.690099999999999492e-01
9.160000000000000000e+03 8.799500000000000099e-01
9.165000000000000000e+03 9.213000000000000078e-01
9.170000000000000000e+03 9.239800000000000235e-01
9.175000000000000000e+03 8.967199999999999616e-01
9.180000000000000000e+03 8.854899999999999993e-01
9.185000000000000000e+03 9.091700000000000337e-01
9.190000000000000000e+03 9.320000000000000506e-01
9.195000000000000000e+03 9.373399999999999510e-01
9.200000000000000000e+03 9.360600000000000032e-01
9.205000000000000000e+03 9.472199999999999509e-01
9.210000000000000000e+03 9.466200000000000170e-01
9.215000000000000000e+03 9.362300000000000066e-01
9.220000000000000000e+03 9.343900000000000539e-01
9.225000000000000000e+03 9.412599999999999856e-01
9.230000000000000000e+03 9.401899999999999702e-01
9.235000000000000000e+03 9.339600000000000124e-01
9.240000000000000000e+03 9.268899999999999917e-01
9.245000000000000000e+03 9.205200000000000049e-01
9.250000000000000000e+03 9.170300000000000118e-01
9.255000000000000000e+03 9.190399999999999681e-01
9.260000000000000000e+03 9.200899999999999634e-01
9.265000000000000000e+03 9.195999999999999730e-01
9.270000000000000000e+03 9.215700000000000003e-01
9.275000000000000000e+03 8.982499999999999929e-01
9.280000000000000000e+03 8.669400000000000439e-01
9.285000000000000000e+03 8.584899999999999753e-01
9.290000000000000000e+03 8.463800000000000212e-01
9.295000000000000000e+03 8.277700000000000058e-01
9.300000000000000000e+03 7.919500000000000428e-01
9.305000000000000000e+03 7.589500000000000135e-01
9.310000000000000000e+03 7.270499999999999741e-01
9.315000000000000000e+03 6.930399999999999894e-01
9.320000000000000000e+03 6.308000000000000274e-01
9.325000000000000000e+03 6.079900000000000304e-01
9.330000000000000000e+03 6.129099999999999548e-01
9.335000000000000000e+03 5.932199999999999696e-01
9.340000000000000000e+03 5.261900000000000466e-01
9.345000000000000000e+03 4.996499999999999830e-01
9.350000000000000000e+03 5.677799999999999514e-01
9.355000000000000000e+03 5.861300000000000399e-01
9.360000000000000000e+03 5.613899999999999446e-01
9.365000000000000000e+03 5.677499999999999769e-01
9.370000000000000000e+03 5.522099999999999786e-01
9.375000000000000000e+03 5.790600000000000191e-01
9.380000000000000000e+03 5.853500000000000369e-01
9.385000000000000000e+03 5.904000000000000359e-01
9.390000000000000000e+03 6.579399999999999693e-01
9.395000000000000000e+03 7.288799999999999724e-01
9.400000000000000000e+03 7.164500000000000313e-01
9.405000000000000000e+03 6.752299999999999969e-01
9.410000000000000000e+03 6.657100000000000239e-01
9.415000000000000000e+03 6.817400000000000126e-01
9.420000000000000000e+03 6.724400000000000377e-01
9.425000000000000000e+03 6.106099999999999861e-01
9.430000000000000000e+03 5.640399999999999858e-01
9.435000000000000000e+03 5.943000000000000504e-01
9.440000000000000000e+03 5.641500000000000403e-01
9.445000000000000000e+03 5.422700000000000298e-01
9.450000000000000000e+03 6.084600000000000009e-01
9.455000000000000000e+03 6.197700000000000431e-01
9.460000000000000000e+03 5.828100000000000502e-01
9.465000000000000000e+03 5.979999999999999760e-01
9.470000000000000000e+03 6.362999999999999767e-01
9.475000000000000000e+03 6.318399999999999572e-01
9.480000000000000000e+03 5.824500000000000233e-01
9.485000000000000000e+03 6.027900000000000480e-01
9.490000000000000000e+03 6.753299999999999859e-01
9.495000000000000000e+03 6.366600000000000037e-01
9.500000000000000000e+03 5.832899999999999752e-01
9.505000000000000000e+03 6.231400000000000272e-01
9.510000000000000000e+03 6.953399999999999581e-01
9.515000000000000000e+03 6.866900000000000226e-01
9.520000000000000000e+03 6.101699999999999902e-01
9.525000000000000000e+03 5.917400000000000437e-01
9.530000000000000000e+03 6.359700000000000353e-01
9.535000000000000000e+03 6.620500000000000274e-01
9.540000000000000000e+03 6.691899999999999515e-01
9.545000000000000000e+03 6.594799999999999551e-01
9.550000000000000000e+03 6.649899999999999700e-01
9.555000000000000000e+03 6.550500000000000211e-01
9.560000000000000000e+03 6.447699999999999543e-01
9.565000000000000000e+03 6.477000000000000535e-01
9.570000000000000000e+03 6.551900000000000501e-01
9.575000000000000000e+03 7.031500000000000528e-01
9.580000000000000000e+03 7.078699999999999992e-01
9.585000000000000000e+03 6.857199999999999962e-01
9.590000000000000000e+03 6.668100000000000138e-01
9.595000000000000000e+03 6.529800000000000049e-01
9.600000000000000000e+03 6.767600000000000282e-01
9.605000000000000000e+03 6.968600000000000350e-01
9.610000000000000000e+03 7.107200000000000184e-01
9.615000000000000000e+03 7.248900000000000343e-01
9.620000000000000000e+03 7.087099999999999511e-01
9.625000000000000000e+03 6.800399999999999778e-01
9.630000000000000000e+03 7.028600000000000403e-01
9.635000000000000000e+03 7.246399999999999508e-01
9.640000000000000000e+03 7.152899999999999814e-01
9.645000000000000000e+03 7.149999999999999689e-01
9.650000000000000000e+03 7.266799999999999926e-01
9.655000000000000000e+03 7.458299999999999930e-01
9.660000000000000000e+03 7.329299999999999704e-01
9.665000000000000000e+03 7.068699999999999983e-01
9.670000000000000000e+03 7.181300000000000461e-01
9.675000000000000000e+03 7.643499999999999739e-01
9.680000000000000000e+03 7.790300000000000002e-01
9.685000000000000000e+03 7.644800000000000484e-01
9.690000000000000000e+03 7.727300000000000280e-01
9.695000000000000000e+03 7.810300000000000020e-01
9.700000000000000000e+03 7.729700000000000459e-01
9.705000000000000000e+03 7.687100000000000044e-01
9.710000000000000000e+03 7.754499999999999726e-01
9.715000000000000000e+03 7.669200000000000461e-01
9.720000000000000000e+03 7.626600000000000046e-01
9.725000000000000000e+03 7.598399999999999599e-01
9.730000000000000000e+03 7.499599999999999600e-01
9.735000000000000000e+03 7.418700000000000294e-01
9.740000000000000000e+03 7.377700000000000369e-01
9.745000000000000000e+03 7.289400000000000324e-01
9.750000000000000000e+03 7.211699999999999777e-01
9.755000000000000000e+03 7.215700000000000447e-01
9.760000000000000000e+03 7.166400000000000547e-01
9.765000000000000000e+03 7.212100000000000177e-01
9.770000000000000000e+03 7.368000000000000105e-01
9.775000000000000000e+03 7.420600000000000529e-01
9.780000000000000000e+03 7.328900000000000414e-01
9.785000000000000000e+03 7.261400000000000077e-01
9.790000000000000000e+03 7.227799999999999780e-01
9.795000000000000000e+03 7.169999999999999707e-01
9.800000000000000000e+03 7.175000000000000266e-01
9.805000000000000000e+03 7.183399999999999785e-01
9.810000000000000000e+03 7.303399999999999892e-01
9.815000000000000000e+03 7.310100000000000486e-01
9.820000000000000000e+03 7.244699999999999473e-01
9.825000000000000000e+03 7.164800000000000058e-01
9.830000000000000000e+03 7.116099999999999648e-01
9.835000000000000000e+03 7.160400000000000098e-01
9.840000000000000000e+03 7.171899999999999942e-01
9.845000000000000000e+03 7.100800000000000445e-01
9.850000000000000000e+03 7.025799999999999823e-01
9.855000000000000000e+03 7.017900000000000249e-01
9.860000000000000000e+03 7.024299999999999988e-01
9.865000000000000000e+03 6.990100000000000202e-01
9.870000000000000000e+03 6.929899999999999949e-01
9.875000000000000000e+03 6.881500000000000394e-01
9.880000000000000000e+03 6.858699999999999797e-01
9.885000000000000000e+03 6.840600000000000014e-01
9.890000000000000000e+03 6.808600000000000207e-01
9.895000000000000000e+03 6.767900000000000027e-01
9.900000000000000000e+03 6.725400000000000267e-01
9.905000000000000000e+03 6.696299999999999475e-01
9.910000000000000000e+03 6.669899999999999718e-01
9.915000000000000000e+03 6.622900000000000453e-01
9.920000000000000000e+03 6.575100000000000389e-01
9.925000000000000000e+03 6.521500000000000075e-01
9.930000000000000000e+03 6.464600000000000346e-01
9.935000000000000000e+03 6.307700000000000529e-01
9.940000000000000000e+03 6.152900000000000036e-01
9.945000000000000000e+03 5.992800000000000349e-01
9.950000000000000000e+03 5.830899999999999972e-01
9.955000000000000000e+03 5.518300000000000427e-01
9.960000000000000000e+03 5.207399999999999807e-01
9.965000000000000000e+03 4.896400000000000197e-01
9.970000000000000000e+03 4.584500000000000242e-01
9.975000000000000000e+03 4.169599999999999973e-01
9.980000000000000000e+03 3.754399999999999959e-01
9.985000000000000000e+03 3.339599999999999791e-01
9.990000000000000000e+03 2.924499999999999877e-01
9.995000000000000000e+03 2.572800000000000087e-01
1.000000000000000000e+04 2.222300000000000109e-01
1.000500000000000000e+04 1.872699999999999920e-01
1.001000000000000000e+04 1.521500000000000075e-01
1.001500000000000000e+04 1.301700000000000079e-01
1.002000000000000000e+04 1.082499999999999990e-01
1.002500000000000000e+04 8.663999999999999480e-02
1.003000000000000000e+04 6.503000000000000447e-02
1.003500000000000000e+04 5.532000000000000112e-02
1.004000000000000000e+04 4.555000000000000021e-02
1.004500000000000000e+04 3.581999999999999768e-02
1.005000000000000000e+04 2.610000000000000167e-02
1.005500000000000000e+04 2.229000000000000078e-02
1.006000000000000000e+04 1.847999999999999990e-02
1.006500000000000000e+04 1.467000000000000075e-02
1.007000000000000000e+04 1.085999999999999986e-02
1.007500000000000000e+04 9.579999999999999974e-03
1.008000000000000000e+04 8.300000000000000086e-03
1.008500000000000000e+04 7.009999999999999738e-03
1.009000000000000000e+04 5.729999999999999850e-03
1.009500000000000000e+04 5.120000000000000419e-03
1.010000000000000000e+04 4.530000000000000172e-03
1.010500000000000000e+04 3.930000000000000333e-03
1.011000000000000000e+04 3.330000000000000061e-03
1.011500000000000000e+04 2.929999999999999879e-03
1.012000000000000000e+04 2.520000000000000104e-03
1.012500000000000000e+04 2.119999999999999923e-03
1.013000000000000000e+04 1.709999999999999932e-03
1.013500000000000000e+04 1.740000000000000010e-03
1.014000000000000000e+04 1.770000000000000089e-03
1.014500000000000000e+04 8.899999999999999491e-04
1.015000000000000000e+04 0.000000000000000000e+00
